499318
498420
497329
492978
492661
491192
489309
479830
469266
465308
463783
459919
456796
452971
428563
421285
417245
409719
409511
408035
401095
398951
393331
392334
386199
372997
371053
369604
353386
337265
334965
330429
326645
322233
319459
308854
306138
303635
303008
300062
284278
283426
280999
277988
264082
261477
257338
250248
243112
239700
234946
231334
230252
224824
223065
219579
217274
205062
203860
203679
203361
200754
193994
192609
190522
188825
184611
164465
161060
156477
149435
145043
144113
142406
139865
132649
132337
128531
125800
116380
116150
113500
109522
109095
103063
98905
93802
80584
79472
71109
65652
64263
56842
46319
40216
30373
23163
15766
15154
2778