210
1723
2273
2433
2492
3604
3794
3799
4009
4733
5604
6089
7199
8218
9367
9488
9506
9580
9823
9966
11110
12136
12279
13094
13096
13163
13630
13708
13818
14547
14819
15330
15523
17498
17525
18204
18605
18831
18878
19179
20177
20442
20918
21123
21980
21991
23487
23557
23645
24043
24191
24269
24569
24728
25057
25539
25755
25762
25814
26845
27407
27460
27663
27707
28545
28620
29076
29164
29241
29731
29953
30444
31486
31602
32764
33018
33620
33804
34185
34443
34843
35129
36359
37136
37670
38845
40570
41219
41223
41769
42839
43602
43697
43718
44422
44938
45084
46952
46961
47066
47086
47161
47171
47531
47594
47654
48011
48025
48501
48642
49063
50249
51129
51424
51698
52567
52758
53362
54415
54544
54638
54664
55175
55308
55629
55993
56528
56836
57141
57344
57770
57954
58023
58027
58180
58686
59004
59317
59443
60344
62041
63419
64225
64251
64293
64681
64896
65383
66410
66949
67818
68639
69162
69707
69747
70142
71028
71183
71719
71983
72785
73401
74546
74679
74763
74933
75183
75760
76556
76944
76986
77274
77279
77536
77644
77780
77825
77877
79607
79686
80230
81084
82492
82786
82961
83004
83235
83492
85208
86194
86910
88362
88482
88711
89922
90267
91357
91884
91896
92060
93068
93374
94140
94202
94261
94925
95256
96192
96577
96741
97144
97947
98633
98911
99631
99702
99980
100380
100478
100932
101512
101899
102015
102298
103520
104216
104236
104321
105020
106574
106604
106874
107011
107029
107356
107567
108038
108094
111150
111534
112117
112237
113298
113336
113922
115198
115872
115967
117335
118772
118848
118902
120387
121450
121779
121786
122324
122882
123023
123949
124090
125393
125423
126147
126814
127077
127278
128266
128354
128616
129199
129429
129765
130423
130825
131365
131589
133375
133856
133927
134178
134390
134398
134872
135086
135628
136540
136837
137216
138678
139214
139636
141029
142737
142969
143220
143558
143958
144805
145845
146168
146406
147512
147659
148327
148470
148568
148804
150134
150478
150488
151080
152239
152706
152811
152847
153450
153534
153690
154945
154996
155184
155185
155381
155813
158267
158640
158927
159074
159118
159238
160592
162802
163365
164277
164763
165324
165654
166257
168656
168923
169140
169884
172062
172223
172426
173675
175946
176535
176695
177701
178051
178196
178355
178767
179901
180624
180712
180953
181655
182643
182752
183752
183824
183940
184540
185928
186044
186173
186249
186665
187264
187822
189514
189995
190072
190278
191267
192749
194304
195031
195244
195651
195738
196585
196736
196865
197561
197677
197787
199262
199433
199525
199772
200195
201426
201640
202164
202324
203299
203478
203530
203716
204122
204865
207409
207418
207437
207868
207961
208158
208276
208410
208898
209378
209747
210584
210983
211051
211618
211651
212278
212361
212598
212838
213484
213550
214209
214644
214926
215521
215787
216610
217456
217534
218318
218353
219207
219250
220643
221329
222574
223006
226001
226256
226702
226839
227135
228505
228595
228847
231515
232430
232446
233001
233679
234069
235169
235248
235501
236529
236677
237321
237470
237489
238318
238390
239156
239221
239568
239820
240102
240119
240570
240693
241414
241597
242903
244531
246248
246326
246675
246924
247785
248445
248535
248812
250847
250972
251069
251180
251405
251609
251844
252066
252803
253007
253170
253197
253650
253874
254359
255274
255336
255764
256571
257259
257895
258726
260010
260230
260321
260681
260783
261862
263091
263542
263768
263978
265268
265276
265433
265606
265725
266297
269614
269969
269976
270875
271275
271430
272168
272222
272497
273233
273340
273501
274430
274637
275756
275843
276929
276950
277869
278386
278969
279017
280228
280295
280546
280564
280729
280964
280996
281244
281555
281757
281928
282296
282311
283035
283379
283520
284073
285206
285525
285589
286418
287088
288540
288766
288972
289124
289559
289580
290639
291177
291334
291372
292910
293507
293762
293951
294436
294475
295026
296754
297413
297455
297637
298268
299226
299386
299892
299970
300237
300617
301148
301684
302548
302710
302782
303001
305045
306378
308120
308530
308682
309611
310066
310250
310750
311579
311693
311716
314125
314237
314817
315100
315891
316715
317125
317524
318054
318519
318706
320185
320254
320917
321083
321292
321475
322072
322309
322403
323433
323446
323532
323748
324142
324401
324937
325204
325670
325820
325907
326675
327180
327223
327543
327766
328717
328767
329531
329887
330099
330711
331142
331313
331776
332162
332913
332934
333080
333979
334085
334378
334424
334454
334970
335131
336231
336993
337275
337748
338313
339241
339654
340403
340576
342719
343443
343754
343765
347750
347803
348160
348448
348569
348605
349114
349241
351328
351723
351848
352467
352467
353098
354174
354677
355413
355798
356246
356602
356863
357338
357540
358067
358475
358599
359251
359430
359762
360362
360880
360945
361463
361566
362972
363585
363822
363924
364055
366273
366464
366522
366911
366923
367184
367666
368170
369464
369514
369861
369862
369950
370139
370997
371309
371325
371580
372982
373121
373232
374349
374841
375315
375582
378341
378364
378700
378917
379630
379734
380605
381180
381562
382348
382369
383630
384493
384673
384753
384992
385572
385630
386222
386276
386569
387825
388204
388264
388867
389055
389588
389598
389895
391312
392004
393340
393709
393714
394468
395590
395709
396242
396756
397023
397341
399084
399312
399447
399894
401156
401693
401854
402158
402644
404202
404358
404961
405380
405563
406104
407247
407268
407410
409098
409175
409921
410165
410256
410441
410566
410788
410998
411337
412043
412280
412379
412856
413046
414513
415489
415978
416870
417043
418107
418399
418480
418819
418907
420526
420745
420879
421188
422169
422265
422348
423192
424149
424242
424281
424302
424579
425701
425870
425952
426233
426233
426481
426751
427519
427849
428007
428140
428342
428488
428718
429018
431408
432329
432712
432866
432987
433632
433827
435057
435113
435425
435659
435914
436008
436394
436476
436705
437584
437812
438211
438789
439244
439929
440170
440635
440967
441864
441893
442220
442615
444846
445424
446552
446633
448272
448621
449670
450544
450556
450721
451895
452506
452901
453879
454021
454057
454732
455895
456390
457215
457241
457679
457971
458369
458829
459647
460320
460974
461199
461619
461644
461908
462314
463231
463346
463409
465056
465339
465381
465874
466566
466918
467533
467698
468620
468771
468841
469051
469424
469938
470277
471243
471244
471582
472894
473729
474106
474222
474345
474376
475605
476143
476498
476843
476855
477254
477403
477550
479411
480168
480331
480474
480564
480743
482275
482396
482968
483577
483855
484204
485523
485556
486460
486695
487022
487456
488138
489268
490078
490341
490421
490989
491392
491972
492001
492543
492701
493426
493467
493626
494200
494357
495598
495623
496582
496644
498097
498108
498163
499346
499445