499996
499972
499911
499904
499834
499754
499744
499692
499689
499658
499563
499531
499522
499518
499463
499454
499444
499431
499308
499140
499082
498992
498911
498880
498843
498720
498675
498633
498562
498500
498493
498327
498319
498222
498090
498056
497990
497966
497964
497781
497740
497677
497589
497574
497565
497529
497462
497437
497432
497431
497397
497272
497189
497022
496997
496957
496865
496809
496803
496758
496684
496627
496586
496571
496568
496555
496554
496542
496313
496189
496148
496132
496101
496056
496039
495938
495934
495872
495751
495750
495691
495619
495617
495591
495384
495331
495319
495281
495199
495189
495176
495132
495086
495035
494934
494863
494802
494778
494738
494689
494665
494602
494602
494541
494529
494485
494474
494424
494421
494229
494224
494213
494202
494199
494152
494146
494131
494108
494061
494017
493999
493953
493925
493914
493790
493679
493620
493597
493590
493481
493473
493463
493432
493386
493317
493295
493236
493189
493149
493040
492991
492946
492907
492905
492890
492859
492789
492684
492670
492663
492601
492592
492571
492526
492501
492475
492428
492328
492282
492240
492122
492061
491968
491962
491945
491911
491846
491741
491693
491620
491617
491617
491609
491605
491522
491513
491360
491263
491263
491203
491138
491105
491043
491015
491003
490988
490914
490901
490860
490805
490776
490742
490719
490710
490672
490575
490518
490510
490502
490493
490371
490327
490289
490249
490242
490219
490192
489999
489839
489829
489828
489820
489747
489703
489587
489530
489479
489476
489437
489430
489417
489372
489355
489313
489307
489296
489221
489186
489141
488989
488939
488900
488847
488763
488750
488649
488628
488619
488565
488557
488546
488476
488459
488388
488359
488312
488256
488186
488150
488131
488029
487972
487922
487838
487728
487636
487561
487491
487457
487440
487439
487435
487401
487347
487307
487288
487267
487185
487150
487111
487053
486972
486960
486944
486906
486657
486624
486542
486537
486531
486469
486451
486419
486362
486357
486344
486301
486295
486280
486258
486106
486106
485966
485951
485890
485816
485777
485727
485660
485643
485631
485513
485480
485467
485455
485451
485430
485419
485315
485214
485160
485076
484997
484862
484847
484789
484710
484662
484660
484650
484554
484483
484444
484358
484357
484315
484209
484110
484103
484093
484056
484018
483918
483809
483776
483772
483770
483470
483458
483456
483427
483238
483196
483154
483087
482925
482816
482788
482755
482687
482627
482430
482307
482162
482161
482149
482140
482087
482055
481948
481936
481871
481844
481736
481693
481652
481622
481568
481511
481502
481413
481403
481376
481320
481217
481159
481123
481115
481058
480794
480684
480593
480464
480384
480346
480309
480286
480264
480210
480199
480172
480139
480031
479876
479860
479696
479645
479613
479434
479389
479332
479331
479277
479259
479240
479181
479049
479049
478891
478852
478843
478837
478684
478660
478406
478392
478384
478298
478224
478149
478100
478091
478084
478065
478003
477987
477979
477950
477863
477842
477842
477722
477684
477665
477562
477562
477435
477394
477317
477290
477228
477211
477183
477132
477119
477064
477052
476916
476900
476782
476767
476716
476716
476707
476673
476620
476592
476471
476434
476405
476351
476153
476044
475981
475747
475711
475668
475642
475638
475536
475525
475394
475282
475279
475268
475254
475223
475221
475217
475209
475137
475121
474998
474968
474955
474954
474917
474914
474890
474870
474870
474869
474809
474705
474605
474592
474538
474509
474464
474372
474336
474299
474298
474173
474173
474146
474110
474029
473996
473956
473852
473694
473643
473575
473443
473439
473417
473406
473382
473330
473319
473225
473219
473127
473001
472955
472894
472863
472783
472768
472699
472673
472573
472567
472526
472524
472512
472481
472441
472415
472407
472383
472259
472257
472233
472186
472143
472109
472081
472053
472009
472003
471986
471980
471972
471924
471893
471886
471871
471672
471638
471606
471593
471476
471428
471387
471362
471361
471331
471330
471328
471301
471282
471254
471239
471235
471059
471047
471038
470944
470914
470817
470801
470787
470695
470633
470590
470576
470572
470570
470518
470506
470392
470353
470336
470314
470097
470038
470010
469960
469958
469955
469920
469844
469817
469739
469723
469657
469562
469560
469537
469522
469485
469448
469446
469423
469391
469368
469323
469211
469071
469050
469038
469036
469027
468955
468932
468872
468833
468811
468788
468709
468619
468572
468559
468550
468530
468506
468470
468452
468433
468421
468333
468264
468240
468194
468151
468149
468099
468030
467965
467847
467829
467794
467652
467625
467579
467573
467556
467541
467536
467520
467393
467298
467270
467188
467120
467072
467036
467019
466993
466987
466917
466798
466789
466744
466452
466430
466388
466363
466297
466232
466170
466153
466106
466080
466045
466022
465964
465956
465883
465843
465739
465684
465683
465660
465644
465557
465542
465524
465452
465382
465200
465178
465157
465134
465090
465025
464940
464814
464804
464759
464741
464700
464640
464603
464595
464569
464559
464501
464454
464439
464437
464422
464422
464318
464303
464264
464216
464066
464028
464026
463923
463859
463835
463834
463822
463814
463795
463793
463780
463641
463572
463569
463549
463542
463529
463510
463504
463479
463444
463242
463220
463101
463014
462980
462770
462754
462736
462723
462685
462664
462645
462624
462623
462444
462368
462360
462354
462326
462266
462253
462081
462075
462062
462003
461993
461967
461924
461884
461861
461785
461782
461781
461707
461634
461603
461422
461270
461261
461139
461013
460989
460962
460957
460865
460801
460755
460601
460590
460527
460452
460413
460257
460254
460250
460108
460043
459829
459791
459607
459600
459498
459328
459180
459161
459143
459136
459133
459112
459016
458974
458902
458842
458803
458769
458674
458618
458575
458564
458553
458446
458442
458363
458267
458234
458162
458048
458036
458018
457956
457936
457926
457877
457830
457785
457770
457741
457712
457645
457572
457509
457500
457474
457453
457382
457341
457034
456881
456826
456779
456775
456764
456759
456698
456684
456658
456538
456529
456459
456448
456445
456428
456350
456293
456243
456165
456162
456105
456097
456076
456051
456036
455865
455845
455837
455802
455736
455655
455630
455562
455505
455448
455416
455340
455312
455229
455223
455202
455063
455023
454897
454776
454742
454654
454652
454618
454618
454543
454525
454519
454414
454388
454317
454315
454289
454275
454234
454230
454199
454187
454128
454107
454074
454071
454039
454022
453974
453940
453918
453820
453817
453802
453678
453649
453641
453616
453583
453581
453563
453325
453110
452930
452904
452830
452823
452783
452778
452669
452616
452602
452589
452585
452471
452325
452291
452159
452143
452068
451978
451951
451924
451888
451874
451872
451776
451724
451693
451556
451485
451455
451450
451421
451412
451395
451311
451291
451274
451257
451235
451166
451105
450868
450858
450815
450791
450735
450658
450640
450606
450533
450517
450457
450455
450324
450319
450310
450282
450028
449975
449948
449876
449687
449662
449554
449529
449491
449397
449352
449281
449258
449242
449218
449206
449031
448978
448904
448892
448814
448645
448596
448541
448469
448385
448361
448334
448249
448198
448166
448097
448088
448079
448055
447942
447934
447902
447764
447752
447695
447661
447646
447587
447548
447544
447536
447534
447463
447448
447435
447431
447422
447345
447203
447197
447192
447104
447050
447035
446969
446896
446879
446874
446817
446789
446735
446674
446662
446579
446566
446509
446443
446412
446302
446293
446277
446243
446100
446094
446093
446081
446049
446023
446013
445985
445969
445962
445930
445920
445874
445872
445778
445764
445710
445709
445578
445417
445235
445165
445126
445092
445049
445045
445042
445018
445012
444992
444977
444779
444772
444694
444633
444631
444546
444535
444524
444422
444370
444299
444238
444235
444215
444146
444060
444020
443975
443948
443917
443901
443863
443769
443735
443714
443506
443380
443258
443248
443232
443212
443193
443152
443102
443086
443004
442982
442808
442805
442785
442750
442585
442576
442479
442406
442263
442251
442163
442134
442071
442018
442011
441994
441950
441865
441839
441819
441808
441769
441756
441749
441721
441700
441680
441649
441637
441587
441582
441501
441491
441483
441360
441272
441172
441089
441070
440990
440989
440987
440843
440700
440699
440614
440604
440503
440501
440488
440479
440416
440386
440380
440306
440295
440276
440228
440211
440164
439999
439965
439930
439815
439806
439788
439784
439769
439726
439709
439582
439523
439432
439422
439391
439360
439191
439171
439169
439031
438966
438947
438827
438737
438694
438686
438678
438624
438536
438450
438429
438429
438387
438326
438165
438135
438099
438038
438025
438017
437987
437959
437803
437696
437611
437604
437575
437550
437503
437400
437344
437319
437090
436987
436983
436879
436875
436772
436737
436705
436647
436619
436554
436545
436471
436384
436366
436351
436341
436330
436264
436257
436236
436194
436175
436146
436136
436097
436045
435999
435992
435942
435770
435707
435705
435682
435624
435582
435407
435402
435397
435298
435189
435125
435085
435027
435019
435007
434949
434913
434850
434814
434723
434708
434706
434705
434697
434696
434645
434627
434624
434580
434517
434455
434409
434389
434356
434354
434284
434135
434072
434031
433992
433965
433945
433902
433820
433751
433619
433482
433456
433421
433413
433373
433368
433358
433347
433310
433256
433255
433047
432972
432924
432919
432853
432819
432796
432790
432777
432677
432676
432552
432539
432526
432470
432461
432369
432294
432104
432079
432051
432016
432006
431985
431871
431859
431847
431831
431830
431805
431793
431762
431679
431586
431490
431445
431414
431326
431291
431251
431210
431206
431164
431013
430947
430945
430915
430905
430860
430843
430802
430795
430731
430713
430622
430621
430579
430515
430488
430466
430430
430392
430338
430325
430292
430265
430229
430213
430204
430170
430090
430080
430020
430012
429961
429858
429831
429787
429689
429537
429521
429501
429432
429406
429289
429248
429214
429104
429092
429048
428998
428913
428891
428666
428510
428462
428352
428345
428304
428260
428253
428169
428113
428089
428072
427975
427947
427814
427609
427485
427458
427430
427397
427313
427178
427134
427063
427046
426973
426941
426896
426863
426774
426766
426719
426663
426650
426632
426543
426508
426446
426431
426313
426298
426288
426280
426275
426258
426165
426130
426112
426096
426053
426052
426042
426014
426004
425975
425969
425878
425778
425764
425688
425687
425685
425668
425597
425485
425430
425356
425301
425163
425144
425127
424999
424995
424984
424979
424978
424956
424750
424683
424617
424596
424556
424473
424454
424454
424334
424290
424272
424245
424162
424091
424070
424034
423971
423791
423760
423707
423635
423583
423284
423272
423258
423247
423238
423198
423038
422984
422931
422910
422823
422821
422800
422676
422578
422546
422488
422484
422466
422363
422166
422157
422146
422081
422039
422038
421951
421845
421821
421819
421788
421764
421726
421665
421543
421466
421333
421274
421271
421210
421174
421172
421098
421077
420928
420918
420912
420878
420857
420830
420780
420701
420660
420629
420611
420600
420543
420512
420478
420455
420421
420419
420352
420308
420293
420225
420169
420111
420105
419870
419833
419769
419713
419708
419677
419653
419627
419620
419553
419490
419490
419472
419470
419361
419280
419261
419179
419114
419107
419030
418986
418932
418871
418856
418846
418800
418715
418713
418653
418596
418587
418531
418505
418498
418435
418416
418367
418257
418241
418184
418172
418104
418087
418039
418037
417952
417951
417925
417894
417813
417688
417397
417392
417361
417319
417308
417300
417284
417266
417254
417093
417073
417051
417046
417025
416946
416941
416921
416916
416825
416744
416740
416733
416541
416535
416490
416483
416451
416393
416338
416292
416217
416204
416201
416145
416116
416116
416104
416084
416000
415983
415976
415976
415969
415805
415718
415600
415473
415366
415344
415300
415283
415218
415087
415058
415036
415008
414927
414846
414830
414822
414744
414713
414627
414624
414520
414513
414499
414364
414340
414257
414208
414175
414169
414127
414110
414093
414086
414027
413911
413905
413846
413801
413720
413661
413627
413603
413572
413562
413523
413434
413426
413409
413352
413322
413164
413141
413125
413107
413061
412999
412959
412826
412772
412732
412722
412658
412614
412612
412596
412585
412541
412449
412432
412322
412307
412301
412295
412283
412214
412197
412193
412131
412123
412064
412051
412027
411955
411954
411947
411919
411884
411852
411802
411722
411713
411693
411686
411678
411638
411616
411608
411417
411362
411345
411339
411185
411179
411150
411120
411110
411005
410915
410903
410890
410886
410868
410713
410519
410435
410414
410364
410314
410229
410211
410206
410187
410166
410118
410117
410103
410097
410069
410053
410052
410023
410015
409974
409969
409936
409834
409747
409691
409689
409565
409531
409478
409435
409326
409323
409295
409173
409070
409044
409043
408869
408862
408849
408825
408750
408708
408699
408606
408581
408538
408472
408463
408401
408367
408178
408101
408018
407866
407805
407764
407627
407554
407497
407464
407440
407364
407262
407234
407212
407195
407193
407185
407173
407154
407114
407088
407079
407040
407031
406871
406856
406819
406771
406650
406533
406484
406465
406462
406392
406379
406354
406326
406276
406148
405916
405892
405888
405878
405825
405734
405648
405578
405559
405476
405397
405354
405346
405281
405280
405277
405221
405210
405178
405128
405078
405020
404987
404966
404926
404906
404867
404588
404518
404456
404409
404352
404346
404338
404288
404215
404032
403927
403908
403861
403821
403782
403759
403728
403717
403672
403625
403623
403597
403588
403511
403509
403458
403309
403236
403174
403119
403104
403036
402993
402980
402947
402911
402829
402828
402809
402694
402609
402571
402555
402533
402478
402411
402266
402226
402110
402108
402022
401948
401840
401836
401797
401734
401712
401644
401643
401640
401607
401576
401390
401309
401286
401214
401150
401111
401109
401033
401022
401002
400969
400885
400849
400847
400836
400787
400655
400545
400475
400414
400387
400359
400344
400335
400278
400193
400150
400110
400066
400051
399984
399928
399811
399802
399786
399650
399575
399548
399482
399461
399359
399330
399317
399315
399283
399270
399218
399174
399128
399086
399079
399069
399027
398983
398959
398844
398793
398763
398717
398672
398670
398554
398427
398298
398294
398293
398241
398202
398163
398149
398147
398139
398135
398099
398035
397834
397822
397801
397744
397614
397530
397519
397514
397513
397506
397470
397315
397240
397193
397130
397117
396977
396897
396880
396861
396853
396771
396738
396539
396535
396524
396400
396383
396329
396299
396295
396292
396261
396186
396148
396136
396079
396072
396035
396020
395939
395917
395798
395766
395733
395667
395666
395601
395515
395513
395495
395439
395419
395418
395364
395342
395263
395188
395167
395111
395067
395035
394973
394875
394753
394735
394691
394624
394621
394609
394572
394518
394421
394412
394358
394264
394104
394074
393893
393711
393665
393663
393462
393415
393347
393327
393294
393184
393088
393053
392832
392828
392735
392718
392608
392601
392555
392495
392486
392473
392343
392326
392280
392224
392194
392187
392166
392138
392097
392094
392068
392056
392017
392016
391960
391947
391944
391830
391819
391803
391802
391800
391715
391635
391632
391627
391563
391469
391432
391319
391316
391314
391291
391230
391157
391150
391117
390971
390859
390833
390799
390798
390789
390759
390731
390611
390521
390437
390423
390410
390386
390349
390304
390276
390275
390268
390231
390195
390148
390146
390032
389959
389945
389900
389824
389786
389762
389685
389540
389538
389445
389389
389362
389345
389322
389285
389240
389132
389100
389083
388979
388965
388960
388849
388771
388713
388690
388682
388596
388496
388406
388391
388383
388360
388285
388267
388237
388160
388137
388124
388111
388102
388059
388055
388018
387994
387935
387792
387746
387732
387690
387679
387527
387460
387431
387396
387383
387369
387355
387355
387352
387330
387277
387193
387100
387066
387064
387033
387017
387003
386909
386907
386839
386785
386784
386740
386734
386714
386707
386664
386573
386517
386483
386434
386329
386321
386318
386269
386240
386239
386169
386085
386061
386033
386008
386000
385929
385915
385812
385757
385735
385730
385697
385671
385643
385599
385598
385556
385552
385539
385531
385237
385171
385125
385119
385080
385067
385048
385017
385000
384982
384976
384939
384866
384740
384654
384579
384574
384518
384484
384472
384340
384221
384181
384134
384131
384032
383807
383720
383703
383661
383602
383523
383499
383458
383449
383377
383078
383000
382960
382868
382740
382633
382579
382478
382433
382394
382371
382337
382235
382194
382176
382167
382092
381972
381949
381880
381807
381788
381733
381679
381647
381630
381620
381533
381529
381408
381379
381295
381109
381090
381079
381077
381072
381038
381017
380753
380714
380698
380683
380650
380572
380163
380162
380114
380109
380095
380085
380022
379887
379874
379816
379751
379744
379732
379707
379652
379495
379464
379452
379430
379398
379321
379293
379256
379176
379124
379009
379004
378985
378954
378928
378890
378883
378878
378792
378723
378667
378659
378653
378612
378547
378480
378434
378301
378294
378272
378249
378209
378193
378166
378156
378143
378031
378014
378012
377980
377888
377861
377612
377585
377465
377460
377445
377424
377373
377308
377163
377157
376998
376992
376856
376824
376729
376663
376641
376628
376585
376574
376527
376510
376485
376465
376457
376336
376335
376318
376282
376257
376252
376245
376159
376100
376066
376044
375981
375968
375938
375825
375820
375801
375761
375711
375613
375601
375597
375577
375569
375567
375554
375533
375532
375520
375475
375431
375418
375352
375350
375235
375223
375168
375146
375048
375009
374996
374929
374898
374867
374704
374619
374567
374561
374544
374538
374496
374439
374407
374338
374266
374238
374191
374187
374092
373990
373988
373928
373853
373799
373729
373711
373616
373587
373511
373491
373456
373446
373344
373336
373109
373086
372913
372822
372741
372732
372527
372494
372483
372424
372393
372299
372219
372186
372178
372178
372168
371934
371801
371782
371744
371743
371625
371569
371518
371394
371384
371380
371364
371294
371268
371257
371218
371216
371179
371101
371070
371060
371053
371049
370899
370895
370810
370789
370787
370755
370533
370524
370507
370489
370462
370431
370367
370353
370209
370192
370157
370101
370091
369986
369920
369874
369872
369816
369770
369752
369728
369708
369666
369601
369550
369529
369453
369451
369368
369350
369331
369255
369247
369214
369116
369109
369072
369050
369022
368943
368912
368905
368898
368882
368715
368635
368611
368609
368602
368524
368504
368476
368406
368395
368322
368278
368276
368251
367950
367949
367933
367845
367839
367833
367832
367807
367746
367743
367683
367609
367564
367556
367546
367448
367350
367306
367293
367285
367254
367254
366943
366836
366823
366814
366687
366667
366595
366567
366559
366546
366540
366527
366522
366493
366454
366451
366352
366291
366222
366222
366197
366020
366002
365993
365978
365957
365779
365765
365761
365652
365561
365461
365438
365374
365321
365268
365189
365142
365006
364696
364690
364579
364402
364395
364390
364307
364297
364190
364169
363949
363948
363947
363832
363656
363647
363610
363608
363597
363485
363466
363433
363424
363412
363411
363386
363357
363312
363298
363263
363238
363229
363213
363098
363025
362985
362836
362687
362642
362635
362619
362594
362545
362507
362492
362452
362370
362256
362221
362172
362127
362118
362113
362105
361917
361896
361749
361728
361685
361684
361589
361521
361511
361508
361404
361377
361352
361337
361290
361242
361233
361202
361200
361140
361046
360999
360966
360942
360940
360916
360894
360829
360815
360771
360733
360713
360617
360604
360553
360514
360510
360471
360434
360381
360372
360248
360233
360162
360158
360124
360117
360112
360048
360045
359962
359890
359881
359834
359807
359786
359774
359717
359711
359687
359676
359667
359655
359647
359628
359536
359442
359429
359387
359281
359252
359191
359118
359081
359046
359043
359025
359022
358997
358961
358940
358929
358919
358853
358789
358733
358686
358622
358577
358571
358526
358503
358397
358384
358338
358307
358282
358169
358136
357946
357939
357896
357882
357803
357776
357771
357668
357657
357630
357585
357364
357343
357333
357331
357245
357170
357166
357057
357006
356972
356918
356827
356808
356799
356712
356696
356692
356635
356634
356618
356454
356431
356426
356418
356417
356403
356369
356363
356347
356236
356174
356100
356097
356029
355988
355940
355924
355797
355684
355630
355625
355575
355538
355499
355499
355434
355417
355333
355292
355129
355048
355004
355003
354992
354977
354908
354887
354867
354849
354832
354801
354741
354691
354681
354650
354557
354536
354434
354374
354159
354079
353898
353891
353869
353784
353760
353736
353693
353638
353628
353594
353507
353487
353453
353408
353295
353186
352987
352951
352920
352895
352842
352831
352775
352700
352689
352634
352620
352484
352475
352293
352288
352280
352123
352118
352086
352079
352077
352076
352055
352050
352028
352002
351969
351914
351907
351792
351776
351723
351690
351681
351679
351606
351534
351447
351414
351339
351296
351121
351020
351003
350953
350928
350919
350818
350797
350725
350720
350671
350661
350583
350459
350445
350409
350387
350380
350268
350246
350198
350152
350040
349994
349968
349929
349896
349894
349885
349791
349696
349696
349681
349680
349639
349595
349504
349393
349137
349129
349068
348993
348974
348962
348939
348917
348857
348851
348815
348803
348733
348677
348638
348637
348540
348494
348460
348415
348397
348351
348297
348275
348254
348112
348088
348041
348037
348012
347943
347826
347753
347673
347602
347579
347539
347525
347506
347474
347443
347419
347393
347374
347327
347291
347290
347271
347234
347166
347131
347078
347075
347063
347042
346907
346875
346688
346675
346608
346573
346449
346390
346358
346254
346186
346177
346162
346148
346119
346113
346103
346078
345984
345933
345894
345594
345586
345552
345502
345435
345416
345364
345340
345325
345225
345220
345142
345120
345100
345052
344976
344889
344874
344767
344676
344530
344434
344432
344336
344302
344260
344211
344046
343820
343691
343649
343583
343523
343511
343461
343410
343408
343380
343306
343202
343137
343129
343120
343055
342859
342801
342800
342719
342697
342642
342577
342532
342497
342488
342457
342450
342395
342311
342289
342279
342230
342150
342080
342072
341998
341877
341836
341822
341805
341547
341545
341447
341430
341400
341380
341318
341316
341260
341210
341100
341098
341067
340987
340830
340730
340718
340601
340495
340429
340392
340363
340335
340329
340291
340249
340178
340100
340052
340050
340036
340011
339573
339569
339519
339505
339471
339389
339366
339355
339279
339254
339226
339222
339114
339094
339068
339044
338950
338933
338878
338845
338832
338831
338793
338788
338767
338726
338708
338640
338585
338573
338557
338421
338393
338376
338327
338322
338261
337989
337742
337624
337311
337171
337171
337156
337145
337140
337106
336949
336946
336915
336791
336777
336703
336690
336595
336549
336467
336400
336379
336325
336190
336138
336077
335958
335903
335875
335761
335728
335656
335590
335570
335439
335410
335328
335167
335004
334969
334943
334934
334919
334888
334807
334715
334672
334653
334639
334532
334529
334527
334487
334435
334402
334392
334337
334330
334317
334278
334272
334254
334194
334173
334136
334061
334049
334033
333969
333948
333932
333929
333921
333767
333698
333628
333622
333455
333296
333279
333256
333124
333118
333056
333013
332979
332936
332935
332931
332871
332859
332838
332718
332695
332682
332607
332559
332559
332375
332367
332349
332300
332289
332174
332094
332081
332036
332033
332011
332009
331922
331866
331849
331837
331789
331689
331676
331669
331399
331376
331181
331139
331112
331086
331086
331002
330920
330914
330853
330773
330731
330730
330711
330680
330492
330472
330458
330391
330335
330311
330295
330292
330263
330260
330175
330123
330068
330068
329819
329720
329683
329651
329647
329614
329607
329601
329477
329436
329400
329374
329362
329311
329105
329045
328961
328860
328851
328842
328835
328810
328721
328672
328666
328651
328649
328594
328473
328448
328423
328418
328413
328270
328206
328166
328164
328132
328113
328083
328064
328054
328018
328005
327946
327944
327924
327885
327880
327874
327826
327714
327671
327602
327594
327532
327531
327514
327511
327419
327383
327282
327253
327235
327215
327202
327186
327081
327050
326982
326934
326909
326846
326818
326808
326800
326754
326748
326720
326712
326699
326695
326651
326634
326625
326610
326468
326406
326342
326283
326273
326230
326166
326154
326030
325999
325985
325791
325734
325724
325720
325614
325527
325496
325336
325318
325315
325292
325242
325241
325227
325159
325145
325130
325108
325057
325049
325033
325022
325005
324977
324930
324823
324748
324717
324705
324572
324487
324479
324461
324388
324271
324227
324069
323956
323945
323833
323830
323699
323650
323603
323540
323525
323456
323398
323386
323262
323230
323211
323191
323125
323052
323037
323033
323023
323022
322999
322833
322798
322736
322637
322603
322483
322349
322207
322157
322130
322093
322093
321886
321813
321770
321727
321662
321654
321586
321575
321523
321500
321471
321417
321374
321356
321352
321342
321321
321167
321052
321034
320987
320968
320948
320890
320864
320863
320857
320832
320748
320708
320667
320659
320643
320552
320546
320436
320356
320343
320172
320107
320095
320059
320025
320002
319980
319939
319850
319830
319815
319754
319742
319726
319677
319565
319555
319508
319460
319444
319383
319370
319367
319363
319215
319048
318928
318886
318834
318802
318737
318709
318662
318657
318612
318608
318553
318537
318404
318392
318303
318280
318249
318076
318011
317965
317883
317861
317843
317826
317806
317597
317577
317545
317532
317405
317314
317161
317155
317131
317129
317110
317090
316827
316819
316779
316775
316684
316621
316616
316536
316480
316422
316380
316354
316272
316258
316139
316097
316067
316058
315957
315927
315889
315840
315793
315752
315729
315723
315702
315668
315411
315233
315162
315061
315014
315009
314960
314902
314791
314778
314772
314720
314654
314635
314610
314556
314505
314492
314475
314454
314363
314356
314297
314139
314116
314074
314064
314001
313997
313684
313656
313641
313547
313534
313506
313413
313375
313362
313202
313194
313165
313144
313113
313077
313049
313003
312990
312961
312948
312902
312841
312829
312807
312754
312624
312620
312601
312557
312547
312499
312468
312436
312376
312370
312352
312341
312341
311916
311891
311851
311810
311714
311620
311603
311501
311458
311438
311393
311362
311324
311294
311240
311172
311155
311051
310930
310919
310918
310832
310809
310780
310772
310757
310738
310605
310582
310581
310544
310517
310386
310335
310331
310320
310212
310210
310204
310164
310140
310055
309921
309853
309817
309783
309742
309701
309603
309490
309488
309449
309434
309369
309361
309281
309170
309133
309128
309124
309077
309069
308995
308879
308829
308827
308750
308673
308574
308514
308440
308398
308384
308297
308296
308260
308258
308248
308246
308183
308140
308132
308071
308047
308043
308011
307904
307886
307879
307874
307872
307867
307857
307686
307644
307642
307454
307381
307353
307326
307301
307288
307202
307127
307105
307080
307069
306845
306839
306775
306769
306591
306548
306544
306543
306494
306492
306491
306438
306405
306391
306269
306255
306237
306194
306163
306148
306130
306045
305878
305875
305847
305772
305746
305745
305735
305700
305662
305606
305429
305310
305291
305257
305256
305098
305084
305056
305027
304982
304901
304823
304710
304655
304566
304480
304414
304306
304256
304160
304144
304131
304130
304082
304078
304029
304023
303821
303767
303762
303741
303741
303714
303670
303659
303641
303622
303613
303575
303451
303294
303258
303227
303165
303145
303020
303003
302933
302855
302843
302754
302746
302584
302547
302467
302433
302343
302242
302228
302138
302131
302085
302070
302063
301918
301913
301906
301879
301837
301813
301791
301571
301503
301495
301433
301370
301291
301139
301072
301050
301012
300968
300964
300886
300835
300772
300616
300576
300429
300370
300320
300310
300240
300196
300156
300150
300141
300088
300033
300026
300018
299926
299809
299802
299764
299761
299637
299620
299593
299582
299486
299471
299456
299399
299248
299232
299199
299190
299165
299045
298936
298916
298907
298775
298708
298588
298575
298551
298523
298510
298449
298384
298363
298353
298332
298308
298277
298273
298270
298191
298188
298122
298070
297942
297940
297890
297627
297455
297422
297388
297374
297366
297323
297266
297225
297148
297146
297141
297136
297132
297125
297094
297079
297052
297033
296905
296899
296862
296810
296713
296677
296664
296630
296542
296495
296480
296472
296339
296267
296185
296171
296055
295995
295970
295956
295862
295861
295752
295616
295590
295530
295506
295425
295403
295376
295362
295315
295233
295093
295026
295011
294975
294906
294888
294786
294763
294760
294744
294732
294714
294684
294646
294645
294554
294537
294524
294433
294383
294369
294300
294276
294178
294098
294022
294019
293901
293877
293850
293837
293779
293760
293726
293667
293615
293600
293597
293572
293571
293509
293328
293162
293108
293043
293031
292988
292985
292941
292920
292825
292808
292791
292749
292725
292674
292671
292548
292531
292447
292413
292405
292370
292364
292355
292329
292291
292193
292178
292063
292007
291961
291929
291862
291857
291825
291780
291696
291694
291667
291628
291578
291578
291561
291548
291479
291479
291478
291475
291458
291401
291391
291356
291231
291114
291101
291078
290973
290967
290952
290914
290874
290690
290666
290644
290644
290629
290601
290586
290491
290384
290309
290165
290144
290116
290013
289993
289991
289989
289944
289942
289929
289886
289851
289713
289681
289634
289628
289604
289446
289439
289387
289367
289313
289298
289238
289231
289202
289130
289126
289028
288965
288887
288876
288825
288824
288814
288799
288788
288648
288641
288391
288358
288322
288129
288125
288107
288088
288087
288079
288063
288036
287980
287872
287850
287790
287712
287699
287606
287598
287577
287547
287469
287448
287446
287415
287382
287344
287261
287249
287235
287003
286998
286992
286876
286849
286839
286832
286776
286756
286726
286725
286654
286544
286526
286456
286455
286450
286410
286146
286130
286129
286079
286061
286007
285960
285916
285870
285572
285560
285551
285439
285378
285300
285285
285281
285279
285270
285254
285136
285088
285030
284987
284971
284915
284896
284861
284771
284721
284693
284607
284552
284503
284470
284399
284315
284300
284261
284205
284144
284134
284119
284095
284084
283932
283866
283853
283828
283825
283823
283811
283763
283684
283678
283670
283654
283611
283609
283587
283539
283537
283498
283383
283297
283291
283236
283154
283146
283134
283044
283042
283021
283020
282970
282781
282739
282697
282626
282619
282605
282541
282475
282471
282465
282391
282239
282212
282195
282103
282073
282060
282039
281979
281963
281888
281879
281850
281848
281760
281702
281655
281618
281618
281577
281519
281503
281469
281374
281237
281235
281218
281217
281198
281195
281018
280996
280995
280959
280881
280823
280739
280719
280674
280612
280545
280435
280391
280266
280241
280213
280197
280184
280155
280131
280127
280101
280077
280066
279962
279946
279937
279911
279902
279886
279874
279764
279745
279715
279598
279582
279572
279560
279514
279499
279477
279469
279453
279438
279426
279338
279261
279218
279156
279079
279025
278991
278901
278859
278812
278678
278658
278571
278535
278522
278510
278474
278445
278436
278405
278392
278381
278292
278234
278044
278027
277987
277925
277903
277853
277851
277830
277817
277787
277744
277701
277658
277642
277638
277587
277516
277480
277264
277223
277132
277090
277002
276955
276913
276887
276835
276460
276327
276215
276187
275987
275977
275957
275950
275836
275754
275718
275715
275579
275576
275430
275343
275291
275219
275210
275133
275107
275043
274978
274916
274894
274778
274571
274488
274349
274306
274269
274189
274162
274138
274132
274118
274102
274095
274010
273985
273981
273909
273870
273834
273811
273630
273622
273587
273555
273510
273457
273426
273351
273280
273188
273169
273167
273146
273108
273056
273014
272925
272893
272884
272740
272710
272685
272641
272613
272561
272496
272442
272410
272350
272343
272247
272209
272181
272081
272060
271921
271779
271553
271542
271529
271507
271474
271408
271398
271281
271245
271185
271102
271079
271051
271014
270980
270883
270876
270704
270669
270537
270446
270424
270408
270337
270270
270237
270218
270098
269931
269930
269835
269815
269807
269806
269767
269749
269737
269735
269715
269659
269415
269369
269363
269297
269033
268942
268783
268760
268747
268673
268638
268627
268543
268534
268517
268478
268469
268421
268339
268272
268244
268228
268194
268177
267942
267941
267914
267861
267743
267623
267590
267574
267477
267423
267246
267215
267174
267125
266902
266869
266867
266716
266691
266658
266589
266534
266478
266466
266437
266240
266166
266151
266099
266089
266059
266058
266055
266024
265861
265556
265523
265408
265394
265335
265320
265315
265314
265300
265297
265241
265183
265120
265074
265073
265064
264888
264780
264724
264520
264508
264476
264409
264387
264354
264313
264282
264281
264154
263994
263889
263888
263770
263757
263697
263693
263670
263661
263516
263497
263489
263279
263276
262836
262766
262765
262705
262692
262674
262618
262598
262529
262516
262488
262404
262395
262348
262220
262199
262065
261950
261941
261902
261883
261883
261790
261743
261713
261684
261649
261645
261619
261606
261497
261484
261426
261391
261347
261287
261253
261216
261207
261094
261092
261002
260996
260961
260960
260956
260946
260890
260851
260742
260724
260645
260632
260592
260566
260564
260520
260499
260494
260487
260465
260378
260287
260236
260216
260180
260138
260112
260098
260094
260041
259822
259809
259806
259731
259668
259466
259249
259169
259166
259148
259145
259079
259052
259040
259018
258982
258959
258841
258665
258344
258196
258161
258092
258009
257942
257927
257893
257767
257734
257622
257614
257512
257496
257472
257382
257305
257253
257232
257021
257009
257005
256949
256948
256882
256859
256626
256614
256546
256527
256472
256446
256435
256429
256422
256247
256208
256150
256104
256026
255974
255948
255930
255903
255880
255848
255840
255818
255788
255750
255696
255564
255545
255544
255515
255425
255423
255420
255376
255371
255280
255277
255265
255258
255246
255245
255197
255152
255121
255118
254980
254916
254889
254856
254808
254727
254707
254676
254669
254592
254567
254535
254432
254420
254311
254295
254295
254276
254264
254164
254141
254117
254113
253999
253947
253861
253736
253683
253659
253566
253464
253461
253296
253269
253233
253175
253151
253127
253067
252965
252896
252785
252774
252691
252616
252612
252576
252558
252545
252483
252454
252403
252402
252033
251987
251907
251893
251742
251737
251649
251585
251576
251557
251545
251474
251366
251303
251169
251118
250942
250909
250834
250824
250806
250775
250759
250752
250643
250627
250437
250367
250295
250251
250137
249990
249925
249913
249897
249821
249773
249664
249603
249562
249524
249518
249513
249491
249329
249312
249297
249297
249292
249221
249132
249078
249069
249032
249013
248979
248803
248791
248742
248624
248577
248551
248515
248481
248401
248379
248371
248351
248347
248313
248108
248098
248087
248055
248046
248035
247914
247879
247803
247705
247697
247687
247658
247604
247590
247531
247352
247350
247349
247286
247273
247230
247212
247204
247176
247139
247020
246973
246926
246904
246849
246811
246588
246519
246499
246492
246486
246466
246433
246330
246241
246205
246198
246024
246006
245939
245937
245904
245892
245887
245825
245778
245773
245641
245621
245617
245562
245512
245427
245256
245243
245237
244915
244840
244767
244740
244733
244696
244659
244607
244563
244519
244466
244279
244152
244096
244047
243999
243813
243789
243780
243740
243732
243731
243611
243581
243577
243544
243541
243536
243503
243466
243403
243399
243398
243346
243344
243325
243274
243106
242992
242931
242789
242757
242756
242756
242719
242670
242629
242597
242544
242493
242476
242458
242426
242366
242333
242258
242202
242177
242074
242010
241875
241807
241769
241751
241718
241717
241703
241662
241624
241575
241572
241546
241484
241318
241268
241262
241259
241125
241115
241064
241053
241028
240992
240921
240858
240788
240767
240722
240721
240681
240660
240612
240576
240512
240449
240389
240311
240298
240266
240172
239954
239928
239881
239678
239627
239622
239608
239542
239482
239458
239436
239318
239261
239237
239058
239037
238883
238835
238831
238830
238795
238758
238730
238593
238563
238553
238528
238466
238450
238398
238371
238360
238308
238254
238159
238134
238114
238093
238075
237980
237959
237847
237837
237762
237744
237727
237634
237633
237424
237403
237328
237309
237269
237254
237247
237221
237155
237151
236793
236775
236603
236584
236508
236438
236367
236273
236208
236097
236042
235995
235911
235902
235849
235753
235682
235677
235674
235643
235607
235525
235363
235356
235334
235291
235259
235171
235171
235085
235084
235020
234989
234985
234979
234971
234958
234895
234862
234854
234800
234687
234508
234427
234401
234398
234330
234309
234293
234272
234227
234217
234213
234172
234155
234002
233964
233859
233813
233747
233723
233709
233706
233642
233636
233611
233579
233535
233470
233461
233365
233353
233328
233325
233280
233261
233248
233220
233203
233191
233126
233124
233098
233091
233050
233009
232974
232951
232931
232917
232802
232751
232724
232690
232631
232583
232546
232527
232471
232468
232448
232382
232320
232278
232229
232198
232162
232073
232070
232068
232063
232049
231978
231888
231848
231831
231657
231655
231645
231627
231621
231587
231553
231498
231432
231422
231368
231360
231288
231283
231142
231120
231116
231106
231023
231001
230990
230929
230921
230876
230854
230832
230797
230621
230594
230592
230370
230290
230269
230182
230176
230107
230074
230068
230054
230037
229990
229980
229945
229926
229895
229824
229645
229584
229558
229551
229452
229428
229373
229331
229262
229258
229157
229150
229041
229015
228995
228965
228919
228903
228877
228840
228806
228778
228766
228559
228529
228486
228481
228429
228377
228295
228250
228234
228220
228056
228023
227946
227894
227892
227876
227856
227828
227786
227767
227749
227681
227592
227512
227433
227428
227390
227371
227369
227333
227249
227233
227226
227223
227194
227188
227164
227135
227042
226957
226888
226810
226775
226686
226675
226630
226611
226440
226417
226402
226398
226319
226310
226300
226260
226255
226252
226250
226216
226188
226155
226092
226065
226017
226008
226000
225913
225911
225898
225895
225799
225755
225755
225670
225669
225617
225544
225494
225478
225471
225469
225431
225370
225319
225307
225238
225164
225138
225135
225016
225011
224976
224901
224848
224819
224803
224713
224654
224608
224573
224563
224482
224465
224461
224457
224400
224383
224306
224282
224266
224168
224137
224136
224128
224128
224022
223985
223980
223965
223914
223865
223853
223801
223767
223714
223622
223585
223536
223521
223483
223469
223469
223453
223296
223134
223123
223069
223065
223002
222997
222981
222942
222886
222816
222812
222759
222562
222552
222523
222515
222505
222317
222221
222195
222056
222032
222016
222013
222008
221886
221833
221681
221638
221582
221428
221374
221273
221170
221063
221019
221011
220971
220947
220926
220854
220817
220806
220766
220714
220699
220691
220524
220517
220488
220464
220379
220376
220152
220109
220103
219997
219972
219854
219813
219805
219584
219564
219508
219470
219469
219454
219350
219310
219281
219241
219098
219060
219030
218802
218801
218798
218735
218694
218678
218590
218589
218555
218525
218519
218502
218491
218443
218332
218326
218253
218245
218174
218142
218116
218107
218101
218066
218064
218038
218029
218023
217963
217895
217842
217673
217614
217573
217572
217351
217214
217194
217168
217159
217129
217088
217031
217030
217007
216880
216848
216828
216817
216761
216717
216716
216653
216639
216475
216416
216374
216312
216258
216215
216159
216088
216060
216051
216006
215996
215974
215871
215826
215785
215753
215739
215548
215544
215454
215413
215401
215291
215240
215201
215107
215106
215042
214966
214947
214910
214879
214765
214739
214643
214446
214437
214413
214413
214318
214318
214264
214262
214142
214139
214116
214099
214075
214061
213970
213968
213949
213890
213856
213805
213746
213691
213691
213644
213643
213624
213551
213512
213464
213372
213353
213351
213241
213229
213174
213144
213098
213085
213054
213015
212982
212959
212930
212895
212694
212662
212538
212519
212479
212450
212444
212372
212301
212131
212089
212025
211996
211889
211860
211852
211834
211788
211784
211771
211712
211652
211609
211566
211532
211441
211283
211210
211209
211155
211105
211098
211027
210946
210876
210858
210832
210636
210634
210550
210494
210480
210279
210248
210134
210128
210094
209962
209931
209889
209851
209832
209825
209705
209573
209527
209425
209380
209289
209258
209111
208865
208865
208851
208746
208723
208675
208666
208563
208546
208508
208378
208376
208355
208257
208245
208243
208196
208170
208144
208143
208109
208102
208075
208006
207783
207689
207601
207586
207585
207527
207486
207413
207384
207374
207340
207120
207039
206999
206820
206793
206630
206477
206455
206400
206394
206370
206334
206323
206311
206300
206296
206180
206146
206139
205964
205888
205869
205848
205847
205813
205748
205728
205569
205524
205473
205422
205385
205333
205284
205112
205099
205056
205003
204919
204877
204849
204838
204806
204634
204571
204455
204452
204389
204334
204148
204076
204047
204012
203955
203951
203943
203921
203817
203791
203779
203763
203746
203652
203602
203587
203555
203521
203452
203451
203385
203370
203266
203255
203217
203191
203126
203098
203097
203010
202971
202961
202927
202910
202708
202706
202651
202594
202475
202259
202084
202017
202008
201925
201880
201842
201766
201728
201624
201438
201313
201308
201229
201178
201150
201131
201058
201033
200966
200848
200845
200838
200761
200727
200675
200627
200598
200580
200541
200520
200519
200510
200476
200472
200447
200395
200360
200287
200232
200205
200101
200086
200080
200024
199923
199851
199822
199810
199795
199578
199432
199412
199340
199250
199195
199171
199077
199013
198946
198942
198935
198932
198896
198857
198831
198790
198739
198723
198678
198534
198393
198331
198289
198244
198235
198150
198149
198088
198077
198050
198037
198035
198023
197958
197957
197830
197816
197808
197795
197704
197642
197576
197423
197377
197238
197236
197228
197188
197116
197106
196917
196908
196893
196832
196724
196693
196509
196506
196380
196294
196256
196234
196219
196216
196189
196133
196067
196065
196003
195938
195858
195806
195736
195653
195645
195606
195546
195509
195398
195397
195362
195301
195201
195128
195117
195097
195095
195071
194914
194881
194786
194701
194682
194671
194607
194560
194559
194553
194436
194387
194377
194298
194276
194158
194155
194132
194105
194097
194094
194037
194000
193962
193959
193912
193897
193881
193865
193841
193749
193746
193684
193634
193514
193334
193211
193050
193040
192958
192922
192872
192868
192765
192730
192727
192679
192597
192474
192449
192438
192360
192206
192091
192074
191974
191932
191922
191856
191848
191836
191789
191778
191772
191726
191622
191572
191544
191544
191486
191483
191321
191275
191185
191113
191050
191022
190994
190956
190804
190526
190520
190486
190474
190388
190377
190358
190353
190299
190231
190176
190168
190122
190081
190055
190050
190001
189976
189922
189911
189873
189850
189844
189708
189689
189643
189551
189435
189394
189392
189387
189354
189281
189232
189216
189148
189101
189081
189023
188948
188845
188813
188739
188659
188631
188627
188621
188602
188596
188595
188476
188450
188441
188384
188378
188352
188330
188319
188311
188288
188277
188270
188184
188141
188101
188052
187890
187717
187676
187674
187663
187623
187622
187617
187575
187562
187506
187495
187484
187452
187443
187371
187356
187326
187213
187208
187195
187091
187090
187051
186952
186939
186738
186727
186527
186489
186408
186339
186313
186297
186255
186222
186220
186151
186142
186099
186097
186037
185915
185898
185864
185830
185751
185693
185641
185638
185532
185352
185253
185234
185212
185211
185182
185082
185047
185035
184933
184931
184884
184847
184844
184837
184801
184759
184696
184691
184618
184392
184341
184317
184278
184233
184172
184162
184143
184132
184079
184001
183963
183956
183947
183940
183773
183713
183684
183679
183551
183493
183487
183436
183414
183398
183308
183292
183201
183119
183018
182933
182927
182917
182916
182761
182755
182736
182725
182587
182545
182544
182520
182511
182492
182432
182381
182374
182341
182322
182261
182242
182127
182049
181978
181800
181745
181694
181675
181675
181631
181466
181447
181436
181396
181389
181351
181348
181332
181332
181202
181176
181134
181098
181075
181024
181016
180933
180902
180784
180755
180683
180659
180655
180581
180525
180427
180367
180210
180208
180173
180133
180102
180059
180025
180011
180001
179996
179813
179725
179656
179645
179641
179568
179543
179515
179407
179360
179338
179101
179087
178988
178963
178849
178778
178773
178732
178724
178693
178677
178633
178628
178625
178514
178467
178407
178385
178327
178248
178132
178128
178099
178095
178073
178073
178049
177969
177957
177939
177833
177767
177745
177696
177661
177626
177600
177528
177484
177205
177087
177083
177058
177055
177044
176986
176746
176686
176536
176505
176355
176314
176233
176171
176144
176138
176018
175970
175932
175927
175869
175779
175777
175742
175573
175484
175460
175445
175270
175223
175192
175192
175118
175108
175071
175030
175002
174960
174960
174867
174740
174740
174644
174502
174454
174437
174435
174383
174339
174307
174289
174081
174075
174053
173966
173918
173896
173724
173571
173553
173496
173477
173413
173409
173314
173274
173215
173196
173126
173067
173033
173020
172931
172924
172883
172877
172828
172769
172711
172633
172522
172455
172343
172308
172298
172282
172244
172200
172188
172085
172079
172053
171946
171873
171854
171796
171776
171687
171674
171505
171499
171457
171412
171273
171251
171178
171105
171068
170895
170870
170843
170655
170636
170524
170508
170415
170406
170339
170310
170253
170197
170193
170154
170131
170102
170022
170010
169989
169970
169967
169956
169935
169929
169923
169897
169859
169845
169832
169804
169804
169723
169669
169627
169594
169462
169411
169398
169398
169365
169355
169338
169327
169227
169131
169116
169053
168966
168963
168892
168814
168778
168777
168762
168622
168409
168188
168105
168038
167973
167903
167880
167837
167819
167751
167668
167607
167606
167583
167567
167565
167539
167502
167454
167392
167353
167306
167305
167270
167248
167163
167058
167024
167007
166916
166875
166850
166820
166778
166721
166619
166589
166567
166558
166530
166480
166458
166445
166418
166392
166384
166369
166357
166212
166200
166155
166142
166133
166116
166101
166084
166065
165975
165959
165931
165807
165741
165682
165613
165565
165527
165521
165515
165453
165438
165286
165217
165186
165156
165086
164999
164919
164900
164899
164889
164860
164824
164818
164782
164746
164690
164682
164625
164582
164537
164447
164416
164394
164392
164368
164335
164240
164198
164195
164040
163996
163908
163812
163675
163672
163623
163617
163610
163600
163441
163378
163366
163333
163299
163192
163187
163086
163033
163011
162970
162952
162866
162840
162822
162807
162773
162741
162681
162675
162629
162534
162530
162517
162504
162474
162430
162393
162255
162254
162248
162180
162133
162095
162052
162041
161956
161904
161714
161702
161677
161548
161532
161524
161442
161388
161335
161229
161134
161041
161025
161022
161016
160989
160964
160930
160903
160894
160832
160803
160750
160749
160696
160690
160606
160561
160500
160481
160391
160327
160241
160219
160209
160150
160141
160138
160127
160049
159900
159839
159787
159787
159784
159685
159643
159631
159586
159567
159550
159461
159407
159353
159310
159278
159187
159135
158998
158951
158876
158868
158838
158806
158805
158797
158736
158734
158515
158499
158456
158418
158321
158312
158261
158224
158109
158075
158067
158045
158021
158014
158014
158013
157955
157920
157920
157844
157812
157810
157775
157685
157650
157648
157632
157408
157227
157156
157138
157110
157106
156991
156941
156898
156898
156769
156764
156681
156647
156642
156617
156603
156388
156303
156085
156082
156036
156035
155860
155815
155781
155765
155748
155700
155662
155620
155614
155610
155566
155540
155487
155486
155462
155420
155295
155138
155133
154936
154901
154813
154756
154649
154618
154584
154558
154528
154473
154466
154412
154411
154391
154333
154329
154296
154295
154266
154230
154108
154095
154038
154035
153915
153822
153801
153695
153602
153424
153379
153355
153323
153270
153190
153184
153158
153036
152987
152931
152927
152895
152886
152813
152772
152733
152721
152632
152511
152435
152419
152359
152358
152293
152247
152233
152173
152171
152153
152116
152067
152059
152005
152001
151950
151937
151923
151922
151898
151898
151880
151770
151580
151568
151536
151526
151459
151457
151390
151385
151367
151267
151258
151228
151224
151133
151132
151124
151121
151119
151109
151012
150972
150900
150803
150637
150468
150449
150406
150349
150300
150284
150273
150073
150002
149940
149926
149915
149908
149885
149715
149708
149665
149656
149624
149586
149538
149528
149415
149413
149411
149388
149381
149278
149099
149019
148983
148942
148938
148879
148874
148856
148813
148714
148579
148524
148486
148469
148441
148413
148407
148379
148361
148312
148310
148241
148190
148148
148083
148082
148077
148060
147923
147915
147786
147722
147630
147628
147615
147488
147486
147460
147430
147414
147371
147343
147318
147301
147293
147268
147266
147261
147153
147001
146952
146935
146868
146859
146852
146723
146688
146665
146630
146500
146470
146321
146076
146042
145992
145952
145931
145868
145867
145834
145530
145510
145466
145457
145457
145426
145393
145244
145224
145206
145196
145112
145077
145076
144941
144901
144884
144675
144608
144534
144454
144419
144380
144339
144338
144338
144261
144261
144216
144157
144135
143982
143879
143727
143617
143559
143503
143452
143423
143422
143283
143041
143034
143007
142992
142969
142937
142930
142890
142869
142835
142816
142790
142749
142727
142636
142621
142613
142585
142569
142547
142542
142532
142432
142380
142379
142352
142325
142286
142265
142248
142235
142208
142183
142171
142143
142107
142098
141935
141931
141784
141699
141646
141563
141557
141363
141345
141288
141229
141202
141134
141051
141042
140993
140935
140914
140830
140756
140607
140570
140558
140478
140470
140436
140220
140199
140172
140091
140001
139981
139954
139927
139877
139799
139776
139678
139647
139626
139590
139482
139421
139390
139375
139349
139327
139307
139260
139163
139155
139131
139128
139102
139063
139056
138975
138869
138842
138798
138781
138658
138652
138615
138581
138484
138477
138344
138326
138319
138307
138184
138166
138154
138100
138045
138042
137923
137900
137876
137868
137822
137641
137604
137521
137319
137315
137231
137194
137148
137146
137137
137117
137106
137059
136982
136899
136854
136840
136787
136782
136759
136712
136706
136551
136501
136478
136374
136231
136230
136168
136166
136002
135794
135761
135716
135465
135439
135336
135259
135143
135116
134891
134849
134816
134778
134704
134657
134604
134596
134567
134452
134432
134420
134390
134341
134306
134296
134171
134129
134126
134040
134035
133937
133907
133887
133763
133758
133687
133642
133564
133535
133532
133531
133496
133482
133432
133356
133346
133329
133314
133306
133301
133249
133080
133067
133030
132997
132939
132895
132876
132792
132728
132652
132639
132608
132565
132503
132490
132294
132251
132223
132184
132122
132042
131972
131951
131855
131767
131758
131723
131693
131657
131612
131590
131545
131539
131494
131412
131304
131291
131289
131223
131214
131115
131087
131068
130976
130972
130879
130713
130682
130678
130672
130639
130638
130631
130593
130375
130263
130197
130150
130144
130127
130089
129876
129850
129827
129804
129753
129706
129680
129670
129541
129478
129420
129272
129259
129258
129254
129244
129191
129164
129144
129101
129068
129029
129025
128926
128905
128864
128834
128807
128777
128760
128758
128749
128680
128648
128625
128615
128543
128506
128504
128473
128381
128350
128321
128269
128236
128220
128218
128202
128188
128103
127976
127946
127897
127825
127823
127803
127697
127688
127603
127588
127551
127514
127378
127364
127287
127165
127158
127054
127042
126983
126971
126953
126952
126910
126803
126675
126642
126627
126608
126583
126518
126435
126381
126377
126365
126349
126302
126299
126252
126212
126182
126122
126074
126061
126041
126032
126003
125916
125864
125840
125778
125719
125666
125509
125323
125213
125182
125153
125077
125059
125017
124883
124818
124794
124718
124699
124692
124686
124684
124669
124667
124637
124468
124452
124405
124349
124349
124317
124303
124166
124148
124132
124111
124078
124066
124033
123923
123866
123855
123813
123746
123671
123541
123501
123469
123397
123356
123341
123285
123279
123238
123172
123068
123068
123041
123009
123007
122978
122938
122923
122913
122859
122677
122613
122568
122411
122408
122335
122311
122262
122255
122254
122250
122215
122107
122067
122007
121999
121960
121940
121917
121903
121859
121694
121631
121627
121627
121560
121514
121495
121495
121487
121405
121394
121329
121320
121316
121294
121287
121233
121193
121140
121111
121107
121064
121052
121044
121035
120915
120857
120847
120842
120811
120789
120762
120711
120674
120626
120575
120532
120489
120436
120401
120308
120304
120193
120178
120087
119968
119761
119744
119687
119655
119635
119609
119517
119511
119490
119453
119284
119236
119185
119147
119122
119110
118875
118874
118866
118753
118745
118731
118716
118646
118603
118579
118547
118489
118400
118091
118040
117945
117933
117825
117805
117750
117713
117600
117599
117564
117538
117458
117367
117215
117179
117121
117119
117069
116861
116856
116835
116717
116688
116666
116458
116300
116297
116246
116169
116158
116147
116081
115999
115985
115977
115943
115908
115891
115885
115853
115823
115790
115755
115641
115545
115448
115410
115380
115378
115360
115318
115309
115169
115168
115160
115156
115155
115061
114963
114942
114921
114833
114741
114649
114539
114507
114496
114481
114463
114413
114409
114388
114383
114348
114326
114310
114279
114269
114226
114203
114140
114136
114109
114078
114072
114034
114023
114020
113951
113935
113770
113766
113760
113716
113666
113659
113570
113499
113473
113473
113469
113426
113411
113380
113361
113346
113242
113219
113136
112964
112942
112923
112918
112784
112726
112722
112673
112665
112646
112612
112519
112434
112381
112365
112278
112273
112190
112159
112101
111928
111909
111736
111711
111706
111447
111256
111163
111109
111092
111017
110974
110961
110921
110886
110879
110715
110691
110588
110551
110495
110489
110335
110194
110119
110090
110040
109986
109963
109959
109775
109704
109622
109614
109597
109576
109468
109302
109298
109272
109260
109218
109204
109201
109189
109155
109153
109092
109080
108999
108812
108721
108609
108528
108419
108353
108250
108193
108154
108083
108025
107838
107796
107775
107731
107676
107615
107604
107590
107543
107513
107481
107464
107406
107404
107291
107239
107202
107183
107165
107149
107123
107095
107033
107029
106980
106905
106868
106843
106761
106708
106700
106596
106479
106475
106236
106123
106052
105991
105982
105977
105915
105852
105775
105748
105685
105626
105446
105357
105285
105151
105150
105067
105019
104944
104941
104920
104880
104874
104834
104793
104775
104771
104705
104695
104650
104566
104566
104523
104395
104253
104216
104198
104196
104103
104060
103984
103948
103900
103791
103788
103699
103692
103607
103537
103448
103397
103258
103221
103214
103189
103187
103154
103125
103100
103093
103002
102891
102814
102783
102773
102719
102698
102663
102645
102530
102520
102494
102490
102473
102469
102428
102333
102315
102310
102235
102223
102104
101997
101913
101869
101809
101777
101727
101662
101659
101626
101503
101450
101382
101361
101317
101239
101171
101123
101087
101065
101030
100972
100971
100968
100966
100818
100787
100707
100621
100592
100445
100366
100330
100303
100301
100215
100193
100192
100057
100056
100037
99993
99972
99968
99966
99961
99941
99928
99693
99683
99642
99632
99598
99530
99494
99431
99395
99390
99345
99343
99303
99251
99202
99079
99073
99070
98942
98916
98903
98779
98727
98697
98651
98382
98357
98278
98219
98209
98179
98104
98081
97997
97977
97963
97953
97851
97817
97780
97615
97581
97404
97396
97383
97383
97378
97372
97322
97246
97210
97197
97085
96952
96915
96772
96648
96606
96603
96570
96508
96475
96438
96397
96359
96293
96225
96203
96158
96005
95954
95926
95737
95736
95618
95547
95473
95333
95157
95154
95075
95050
94854
94824
94770
94763
94729
94689
94626
94620
94570
94547
94258
94227
94208
94200
94193
94182
94133
94127
94123
94073
93951
93887
93846
93781
93695
93554
93408
93208
93203
93147
92990
92988
92955
92837
92831
92778
92715
92670
92599
92582
92533
92382
92366
92345
92325
92319
92217
92214
92153
92120
92080
92062
92009
91963
91917
91887
91764
91622
91591
91578
91570
91496
91466
91460
91452
91347
91333
91261
91119
91053
91041
91032
91023
90947
90944
90919
90915
90687
90583
90436
90313
90302
90261
90201
90182
90135
90132
90125
90083
90073
89990
89859
89785
89647
89634
89609
89607
89599
89572
89524
89513
89507
89364
89210
89168
89157
89145
89107
89022
88896
88855
88804
88778
88777
88685
88569
88549
88509
88331
88276
88202
88193
88114
88101
88085
88005
87834
87807
87796
87764
87746
87714
87630
87611
87579
87568
87559
87554
87461
87431
87322
87277
87233
87062
87050
86963
86942
86829
86702
86547
86490
86448
86443
86365
86297
86206
86149
86074
86059
85934
85900
85861
85833
85801
85801
85792
85747
85666
85559
85538
85390
85266
85251
85219
85204
85146
85107
85089
85057
85051
85037
85025
85002
84984
84943
84917
84906
84831
84789
84776
84747
84709
84653
84621
84611
84600
84501
84470
84458
84426
84370
84357
84319
84294
84218
84190
84101
84055
83992
83939
83911
83879
83830
83792
83698
83656
83610
83605
83594
83577
83562
83467
83402
83327
83316
83294
83213
83190
83159
83017
82999
82967
82891
82854
82774
82719
82670
82633
82623
82611
82567
82563
82458
82444
82439
82429
82429
82363
82271
82270
82131
82104
82074
81948
81939
81871
81805
81755
81744
81726
81643
81371
81325
81324
81301
81176
81158
81136
81086
80942
80858
80832
80814
80800
80679
80667
80532
80525
80450
79934
79926
79912
79864
79828
79822
79795
79784
79715
79649
79604
79604
79583
79553
79467
79416
79400
79193
79165
79068
78949
78891
78871
78869
78826
78671
78633
78577
78549
78502
78496
78495
78454
78447
78159
78113
78060
78027
78025
77982
77976
77931
77890
77860
77843
77841
77840
77792
77718
77697
77672
77658
77633
77627
77586
77565
77363
77352
77323
77304
77193
77162
77151
77111
77083
77081
77079
77068
77040
76934
76884
76838
76807
76805
76782
76693
76535
76511
76349
76317
76314
76275
76259
76211
76193
76148
76103
76059
75914
75785
75725
75725
75683
75659
75624
75617
75561
75505
75488
75443
75311
75188
75167
75154
75140
75056
75031
74934
74856
74767
74713
74674
74651
74542
74518
74499
74453
74423
74422
74384
74362
74227
74201
74144
74109
74056
73976
73966
73874
73819
73706
73612
73601
73601
73583
73582
73496
73221
73186
73155
73151
73106
73020
72995
72722
72547
72477
72418
72397
72389
72218
72158
72111
71962
71935
71846
71805
71754
71746
71696
71506
71483
71476
71425
71414
71408
71396
71393
71312
71290
71271
71163
70908
70888
70853
70845
70831
70801
70766
70701
70682
70643
70604
70550
70543
70506
70493
70455
70421
70371
70231
70221
70104
70069
70046
69996
69934
69913
69891
69870
69846
69775
69751
69665
69531
69501
69485
69397
69344
69283
69157
69123
69081
69044
69010
68982
68793
68764
68752
68670
68627
68522
68515
68512
68507
68486
68465
68377
68290
68277
68193
68166
68140
68098
68048
68028
67996
67986
67785
67747
67593
67587
67565
67560
67559
67492
67481
67433
67388
67354
67289
67281
67239
67233
67062
67054
66992
66954
66948
66922
66916
66840
66786
66783
66769
66717
66682
66617
66592
66575
66571
66531
66529
66488
66464
66264
66211
66164
66092
66031
65998
65992
65962
65955
65937
65829
65758
65728
65726
65602
65585
65445
65413
65350
65308
65303
65278
65246
65149
65139
65042
65028
64991
64985
64904
64880
64742
64738
64657
64576
64532
64330
64329
64262
64214
64198
64138
64077
63974
63972
63968
63866
63772
63703
63695
63693
63646
63597
63586
63572
63521
63499
63444
63422
63343
63331
63161
63140
63064
63024
62972
62941
62897
62873
62774
62748
62732
62721
62706
62678
62588
62584
62513
62512
62416
62407
62385
62381
62367
62346
62320
62247
62232
62043
62037
62013
61885
61863
61816
61814
61750
61735
61679
61552
61546
61452
61395
61380
61373
61371
61274
61242
61210
61144
61080
60951
60905
60886
60806
60523
60499
60499
60470
60462
60401
60392
60379
60317
60298
60195
60180
60074
60058
60026
59969
59895
59866
59830
59788
59725
59719
59698
59627
59481
59426
59345
59260
59246
59230
59173
59137
59124
59089
59028
58971
58962
58874
58872
58718
58623
58565
58528
58489
58369
58312
58307
58151
58047
58038
57977
57959
57885
57878
57793
57772
57750
57738
57682
57672
57596
57572
57494
57492
57491
57449
57406
57350
57290
57283
57252
57092
57084
57071
57005
56979
56907
56845
56842
56777
56730
56729
56670
56647
56535
56532
56517
56480
56301
56283
56266
56091
56024
55900
55835
55565
55559
55541
55506
55493
55383
55246
55149
54984
54978
54971
54960
54925
54841
54721
54475
54406
54291
54285
54273
54269
54260
54225
54208
54175
54063
54026
53949
53856
53785
53774
53762
53692
53637
53529
53403
53322
53306
53283
53254
53243
53231
53197
53161
53151
53051
52882
52811
52777
52744
52697
52622
52613
52552
52499
52443
52270
52256
52211
52098
52046
52038
52016
51987
51985
51964
51962
51796
51646
51600
51553
51510
51506
51489
51478
51463
51448
51446
51389
51285
51163
51158
51091
51088
51013
51006
50992
50923
50872
50866
50839
50778
50669
50654
50641
50630
50623
50542
50353
50249
50236
50229
50219
50208
50189
50143
50089
50066
50059
50040
50033
50026
49983
49931
49901
49832
49779
49674
49653
49477
49431
49390
49366
49350
49256
49200
49152
49112
49104
48968
48906
48898
48785
48696
48492
48424
48420
48364
48324
48310
48307
48274
48263
48251
48217
48179
48102
48069
48022
47941
47766
47693
47668
47651
47650
47626
47542
47333
47195
47157
47136
47047
47023
47005
46991
46950
46941
46888
46855
46836
46791
46761
46672
46647
46614
46484
46414
46407
46381
46315
46266
46140
45993
45991
45893
45884
45869
45798
45768
45745
45728
45640
45366
45268
45234
45218
45156
45146
45142
45108
45041
44991
44957
44953
44918
44903
44902
44744
44690
44631
44589
44491
44477
44429
44395
44370
44310
44286
44264
44257
44180
44109
44093
44001
43964
43935
43852
43763
43720
43712
43665
43608
43604
43599
43511
43493
43486
43469
43426
43383
43316
43306
43213
43197
43099
43045
43033
42919
42881
42839
42679
42671
42655
42624
42624
42596
42579
42490
42479
42429
42420
42374
42314
42282
42252
42221
42195
42180
42163
41938
41910
41863
41707
41701
41699
41642
41564
41499
41473
41435
41431
41415
41326
41306
41298
41290
41282
41229
41210
41203
41200
41014
40997
40965
40841
40764
40645
40520
40498
40394
40222
40218
40184
40169
40153
40104
40053
40035
39989
39984
39848
39842
39760
39712
39644
39540
39532
39526
39507
39448
39391
39349
39316
39279
38993
38951
38911
38873
38845
38766
38736
38721
38689
38594
38572
38508
38443
38433
38404
38369
38233
38040
38020
38014
38006
38004
37972
37947
37763
37654
37627
37619
37534
37517
37497
37465
37407
37325
37296
37208
37111
37111
37089
37073
37054
36997
36990
36971
36954
36921
36877
36858
36780
36712
36688
36622
36556
36552
36469
36441
36435
36423
36408
36182
36179
36166
36139
36117
36105
36088
36019
35893
35845
35773
35751
35737
35719
35634
35601
35561
35454
35394
35384
35346
35329
35302
35203
35130
35124
35096
35030
35029
34920
34735
34667
34635
34508
34477
34447
34430
34413
34413
34359
34286
34281
34164
34125
34115
34079
34057
34052
34029
34009
33997
33958
33912
33904
33856
33855
33840
33836
33835
33819
33810
33749
33706
33690
33546
33490
33464
33424
33413
33371
33325
33309
33302
33291
33270
33262
33261
33249
33149
33134
33124
33113
32998
32951
32932
32926
32900
32851
32844
32813
32807
32781
32728
32592
32558
32554
32485
32485
32435
32250
32242
32228
32226
32142
32135
32104
32091
32061
31992
31945
31907
31893
31887
31852
31792
31708
31676
31547
31527
31449
31431
31373
31353
31329
31302
31284
31250
31050
30822
30787
30652
30544
30540
30533
30461
30280
30279
30207
30195
30178
30161
30153
30144
30109
30107
30096
29780
29714
29526
29411
29401
29191
29085
29082
29047
29034
28976
28964
28791
28721
28703
28657
28590
28547
28428
28411
28312
28200
28172
28162
28086
27991
27983
27874
27819
27749
27714
27652
27617
27449
27433
27425
27411
27218
27160
27153
27139
27069
26841
26749
26749
26710
26696
26677
26625
26567
26476
26439
26418
26330
26306
26277
26245
26242
26213
26183
26096
26060
26025
26022
25916
25900
25867
25807
25795
25612
25589
25565
25527
25460
25455
25448
25406
25395
25374
25337
25323
25185
25017
24959
24869
24853
24812
24718
24691
24657
24455
24435
24421
24346
24327
24188
24062
24049
24042
24007
23935
23890
23849
23828
23783
23782
23760
23759
23700
23679
23605
23585
23567
23520
23513
23399
23364
23301
23269
23267
23208
23203
23177
23152
22905
22897
22806
22690
22684
22658
22576
22542
22468
22458
22336
22254
22240
22214
22211
22206
22138
22136
22081
21957
21929
21869
21850
21843
21820
21816
21734
21678
21671
21633
21590
21520
21335
21325
21264
21203
21141
20951
20940
20902
20879
20825
20732
20575
20549
20523
20489
20355
20351
20316
20313
20231
20211
20176
20170
20080
19931
19871
19800
19798
19684
19612
19502
19501
19448
19409
19388
19354
19340
19312
19285
19248
19229
19204
19198
19098
19067
18989
18973
18931
18901
18850
18754
18685
18581
18548
18458
18375
18331
18241
18207
18178
18176
18174
18148
18144
18082
18068
18009
17969
17933
17869
17863
17782
17776
17764
17764
17679
17674
17561
17517
17513
17503
17385
17329
17289
17287
17237
17221
17220
17181
17164
17100
17079
17076
17065
17007
17002
16949
16921
16868
16815
16782
16695
16574
16516
16457
16400
16359
16303
16299
16252
16223
16132
16127
16101
16090
16072
16061
16040
15926
15806
15774
15767
15696
15653
15620
15495
15467
15424
15329
15326
15310
15262
15255
15235
15199
14983
14904
14865
14864
14828
14704
14661
14642
14623
14574
14552
14539
14527
14338
14278
14128
14055
14006
13948
13938
13808
13806
13779
13757
13724
13665
13650
13650
13637
13627
13567
13529
13515
13501
13418
13401
13358
13356
13309
13283
12874
12761
12746
12662
12607
12563
12562
12549
12477
12463
12453
12393
12392
12375
12295
12279
12261
12257
12200
12082
12062
11975
11723
11706
11654
11598
11588
11545
11467
11385
11374
11335
11300
11269
11245
11245
11226
11146
11128
11104
11100
11094
11020
11019
11017
10963
10781
10728
10630
10614
10572
10568
10209
10002
9950
9861
9847
9836
9816
9815
9800
9703
9577
9549
9533
9503
9414
9409
9379
9311
9287
9259
9257
9254
9252
9226
9208
9096
9046
8974
8967
8961
8920
8787
8674
8595
8524
8445
8278
8212
8131
8093
7899
7897
7799
7740
7679
7634
7612
7551
7540
7510
7493
7472
7418
7392
7158
6929
6905
6867
6816
6714
6709
6662
6615
6474
6440
6430
6391
6385
6364
6347
6325
6315
6314
6307
6171
6127
6083
6076
6037
5988
5898
5838
5770
5725
5689
5682
5679
5580
5480
5375
5222
5185
5117
5040
4919
4912
4912
4871
4839
4760
4562
4551
4548
4532
4458
4353
4282
4251
4159
4137
4062
4037
4030
4008
3990
3899
3872
3840
3812
3802
3789
3758
3737
3700
3689
3670
3666
3650
3618
3586
3491
3478
3468
3462
3449
3437
3400
3398
3303
3255
3228
3176
3139
3042
2987
2814
2652
2650
2486
2485
2405
2380
2371
2340
2243
2224
2153
2140
2078
2050
2024
1974
1916
1732
1724
1654
1556
1523
1507
1450
1412
1273
1239
1221
1211
1154
1089
1037
1022
1011
955
865
856
853
801
727
629
622
530
502
460
362
359
209
171
152
131