7557
9303
10643
13098
14866
18680
23448
28970
39351
43460
45944
53618
53658
79900
82919
86437
91597
93415
95011
95277
99403
105343
108605
109411
113900
116178
121920
130637
141599
144685
145779
153856
154668
155381
166201
168966
170827
171120
172351
173779
178400
185630
187776
188147
200169
207993
209310
214706
216900
221012
225492
238234
244283
244524
245569
245746
254688
255210
258633
258948
266863
281080
282921
288299
288976
292098
296292
298190
304473
312077
312745
314025
322005
331701
348618
348767
354335
357914
358444
362472
366245
367783
368330
389123
390351
409221
425000
431822
438583
440094
446672
447592
450444
450550
460627
471580
476091
479733
482308
491524