499941
499893
499853
499830
498604
497727
497533
497530
496992
496205
496156
495950
495937
495605
494749
493937
492699
492401
492217
491668
491653
491347
491326
491225
490582
490546
490444
490380
490170
489960
487204
486302
486042
486000
484914
483560
482937
482726
481558
481306
480631
480548
480063
479914
478863
478523
478270
478053
477835
477522
477357
476966
475387
475009
474949
474656
474089
474064
473912
473376
473374
473146
472904
472320
471837
470999
470155
469985
469475
468808
468768
467910
467607
467433
467129
466971
466958
465807
465732
465474
464599
464371
464345
464098
464042
462903
462879
462865
461928
461539
461162
460365
459603
459469
459461
459452
458034
457374
456706
454550
454218
454063
453724
453410
453369
452727
452242
452050
449870
448874
447682
447055
446987
446972
446364
445128
443745
442966
442505
441793
440785
439926
439380
439329
439274
438786
438648
438523
438515
437358
437122
436949
436816
436632
436548
435953
435480
435094
434907
434869
433647
433078
432273
431171
430963
430924
429574
428714
428185
426788
426281
426063
425120
424871
424661
424616
424400
424072
424050
423683
423655
423281
423128
422347
420417
419725
419591
419280
419247
419055
417460
417414
417101
416878
416818
416175
415242
414510
414471
413905
411080
410188
409950
409895
409381
409294
409227
408223
407690
406531
406416
405734
405122
404299
403768
402799
402652
402345
401082
399534
399483
399384
399133
398355
398190
396286
396049
394069
393984
393540
392196
391736
391649
391410
391172
391164
391097
390874
390491
390234
389371
388558
388133
386407
386158
384481
383892
383664
382054
381691
381614
381205
380827
380758
380381
380092
379922
379861
379519
378822
378758
378569
378567
378354
377508
376645
375046
374227
373511
373350
372722
370510
370444
370418
370263
370246
369667
369564
369279
368988
368519
368292
368220
367673
366636
365881
365795
365524
365505
364961
364696
364405
364224
364001
362802
362307
361972
361880
361262
360623
360575
360427
360318
360027
359869
359249
359080
357782
356742
356713
356463
356436
355939
355900
355380
355266
355211
354457
353908
353689
353587
353156
352736
350902
350618
350523
350139
349815
349548
349017
348188
348128
346863
345176
344386
343525
343523
342726
342476
341277
341267
341208
341080
341068
340607
339400
338919
338690
338646
338285
337352
337005
336850
336665
336513
335883
335722
335138
333474
333321
332603
332392
332122
331973
331647
331405
330799
329976
329929
329285
328435
327706
326508
324889
324510
324450
324190
323928
323697
323669
323582
323510
322021
321934
321537
321161
321049
320747
319094
318990
318872
318822
317991
317949
317608
317460
317274
315547
314181
313849
312533
312079
310706
310110
309513
309279
307997
307360
306956
306296
306235
305412
305098
304881
304576
304475
304205
304067
301538
301238
300963
300540
300448
300122
299839
299561
299503
299155
298759
298652
298269
298154
296031
294204
293689
292989
291255
290815
289160
289010
288738
288589
288561
288438
287491
286208
285847
285386
285264
285217
284804
284736
284460
284177
282733
282661
280887
280861
280561
280447
278803
277701
277478
277375
276756
276028
275887
275363
274535
273645
273056
272902
272831
272825
271562
271105
270665
270540
270110
269777
269641
268674
268026
267965
267301
266798
266773
266499
266208
265997
265340
264902
263346
262295
261901
261501
261352
259764
258924
258923
258054
257765
257052
257011
256931
256354
255853
254686
254587
253428
253327
251330
250695
249848
248682
247644
247632
246334
245512
245091
244370
244191
242518
242204
241888
241098
240262
239966
239576
239480
239275
239254
238174
237855
237639
237317
236176
235362
235090
233588
233379
233324
233320
232430
232370
232079
231962
231563
231514
231450
231079
229749
228557
227653
226422
226023
224635
224453
224285
223888
223424
223239
223001
222620
222184
221522
221285
221133
220479
220399
220034
219810
219136
218917
218114
217434
216560
216395
216185
215776
215625
214890
214149
213698
213586
213390
213229
213172
212799
211580
211123
210115
209998
209579
208675
208004
207862
207654
207594
206947
206857
205853
204033
202839
201329
201266
199972
199840
199292
198535
198504
198364
198280
196949
196930
196744
196688
196585
195332
195282
194954
194510
194470
194041
193813
193801
193341
192224
192201
191569
191185
191023
189791
189426
188850
188456
187658
186935
186726
185436
182774
182013
181898
181507
181339
181333
180327
179186
179001
178519
178397
178199
177712
176811
175977
175782
173845
173427
173157
172942
172562
172240
171634
171184
169978
169593
168758
167823
167415
166478
166248
166073
165400
164797
163366
163070
161912
161693
161593
161240
160419
160326
159996
159832
159794
156753
156233
155823
155111
154896
153829
152972
152372
152368
152243
151415
150737
149476
149464
148844
148784
148767
146639
146517
146371
145978
145449
145385
145316
145119
145103
144515
143672
143428
142892
141964
141962
141944
141606
141131
140367
140193
139274
138998
138808
137906
137029
136891
136883
136274
133733
133413
133089
131993
131752
131439
131294
130925
129875
129680
129619
128902
128641
128497
128313
128140
128108
127657
127599
127408
127370
127224
126876
126092
125878
125796
125670
125390
125353
124520
123987
122924
122710
122646
122186
122122
121960
121229
120872
120207
119831
119393
118236
118213
118205
117959
116571
116507
116352
116325
115765
115404
115258
114981
113810
112687
112638
112311
111923
111153
111137
111130
110774
110309
110167
108420
107093
106849
106121
106118
104639
104173
103475
102151
101386
100975
98881
98600
98579
98557
98463
97690
97318
96046
95941
95531
93723
93322
92563
92051
91228
90923
90109
89442
89313
89133
88360
87887
87182
86893
86439
86087
85842
85557
85175
84839
84774
83613
83413
83057
82502
81484
81199
81029
80328
77921
77743
77291
77167
77138
76487
76207
75998
75897
75628
75587
75477
75040
73781
72855
71235
70782
70529
70402
70328
69889
69061
68775
68516
68280
67859
67443
66982
66822
65304
65215
65061
64572
63917
63077
62874
62745
61650
61296
61085
60972
60832
60258
59299
59279
59028
58934
56778
56709
55992
55605
54952
54838
54354
54125
53994
53468
53145
53143
52401
52380
51764
50408
49998
48803
48641
48037
47863
47709
46770
46669
46095
46012
45829
45541
44786
43547
43478
43406
41486
40751
40454
39414
39144
38907
37956
37887
37389
37379
37163
37158
36520
36058
35541
34197
33672
33390
31923
30696
30514
29451
29008
28618
28525
28485
28482
28460
28424
28285
27987
27544
27526
27454
27415
27380
27049
25995
25830
25285
25275
24903
24671
24656
24327
23094
23029
22467
22379
21695
21623
21301
20987
20303
20083
20079
19947
19286
18713
18018
17783
16653
14234
12709
12578
12451
11071
11002
10226
10079
9997
9870
9567
9556
9542
9265
9233
8297
7735
7068
6815
6754
6697
6072
6010
5955
5155
4719
4061
3096
2411
2181
1718
1482
720
381