382483
161409
17377
392239
268108
428389
490387
137503
35300
108316
170252
232941
430780
433272
258316
255688
269461
376064
263116
84465
420730
470497
349244
191867
343640
291086
77299
399925
377333
444936
466316
255857
46638
466318
288068
83544
321828
140983
52018
86119
49842
447967
230348
450483
432346
44589
377712
140242
138344
336921
278557
228052
318103
301686
208041
131768
375911
252938
359401
351185
494592
284638
169579
51486
237600
345509
57871
40590
321185
445117
496379
277852
472321
170306
424354
367145
267562
13062
223811
448476
429203
243360
241675
356111
314747
131357
32264
463520
398077
404665
91293
289413
136944
470445
172523
38668
38111
342280
233757
136685