468452
28952
169366
67669
336034
482578
143321
11719
159072
35144
334845
489276
346433
125783
412386
406696
331719
384998
110601
448727
170619
291062
248521
240458
119007
280436
49034
481416
213745
122954
451087
471627
384870
39754
440195
490531
341764
238728
304743
318842
303066
108502
494154
346877
120769
383958
435246
351644
257869
239243
389619
127798
477356
78360
42473
65251
212882
285427
217117
100726
285023
78318
144649
213541
185952
484524
281574
467443
3847
250096
118079
366402
179751
315277
128069
245594
437329
86686
234772
121906
323622
430817
44094
76428
134600
364103
423631
333987
336077
35668
382697
156322
149820
365582
114857
102694
374645
445701
382709
458188
246876
152098
295086
4629
287290
123962
442314
78326
127354
96492
201075
38781
42876
4063
180272
356302
124884
243135
65483
254018
159461
220489
44834
464866
22772
191763
206915
69403
399841
31850
430110
257806
385438
168157
191405
324132
403946
62377
387556
445952
452833
368856
63372
324047
77353
339133
57704
425613
226057
359129
12645
277744
110553
227754
109301
294806
125059
488666
299166
115236
164825
399436
37574
345256
117027
183787
53496
474649
375510
228703
279481
28886
209017
166012
455598
29785
262429
444385
143419
111893
258742
392013
386158
438357
263302
304810
283298
376472
226913
336683
339910
263493
101305
155969
394472
327903
140072
343856
86705
386419
426322
148567
374389
448420
197471
405532
114302
252242
386635
334088
389111
272278
339227
277494
390772
147031
166563
60928
86788
275584
495545
16632
103548
421975
4855
243190
230730
217042
81395
25721
483419
322737
236690
84342
84612
41307
34125
445586
150708
154014
299673
426765
90899
139760
338527
491360
68050
21515
298193
171817
102926
297333
156569
282264
136965
365449
145332
268589
499588
417691
333315
420147
246909
355379
21606
285790
343179
64406
284282
439608
409323
387397
427840
309520
469698
165387
7068
282291
240759
450377
264440
80276
403424
119032
73596
419953
3067
89334
285003
183028
143323
418626
210869
61478
114908
222381
284327
269116
425957
405946
223962
426530
262430
20140
143251
357639
362080
120852
241737
222331
130254
44940
443034
394381
300553
46055
216291
137248
144030
366814
320252
454965
126893
185535
290056
189810
131689
254128
24272
432681
214378
299158
448569
98195
487918
228378
342248
88717
376436
122572
106601
420495
300503
442621
143914
224543
89310
489487
30404
315909
249408
393385
2445
406687
56663
149812
13008
258345
411698
238329
51023
81106
983
253666
50042
376514
191732
395323
319936
19414
48823
328996
97644
179592
181686
262881
43228
335377
199350
435922
388787
407644
242378
177699
418759
312557
431684
361784
140183
74706
445053
309305
403544
63626
418331
242292
352607
24034
2476
84109
227685
177799
41260
320535
79913
389814
182614
499126
55480
276886
189518
223438
402271
440024
425500
348614
327072
50475
134734
207850
72722
425043
157448
53446
470054
262582
60060
77680
116107
103353
353708
454892
95795
1097
97963
314349
35737
336648
59896
150131
184989
76400
247948
98234
178576
271572
144759
24859
310913
490668
462694
303474
419527
498887
343143
285408
125677
381558
3886
306597
7381
384122
69974
361797
411372
238478
165439
335555
311536
256181
267281
126448
164892
22137
7024
175047
145109
201371
146250
423164
219086
86010
42556
319348
444353
478885
280386
193627
492280
71004
228047
38398
349875
147261
221343
201204
208889
307925
89540
81727
408808
272645
255505
276142
299637
110903
195492
369549
107474
300616
402655
54929
37442
96676
81473
485471
83862
238260
474856
107317
311966
246694
7794
75447
39787
358860
370764
417127
303170
313045
323898
154836
228006
261163
101108
366590
454993
226571
171535
459962
267565
174007
32319
171528
146845
476011
488076
311640
480000
136996
298754
35950
397616
24927
486547
37616
212981
119023
433503
35802
72957
105675
358575
321718
392581
310781
86732
297294
75373
410298
459762
149072
397789
489010
87123
482038
443287
427413
259070
354290
305593
203305
18269
236074
91017
131065
75933
134376
422753
353517
243388
424733
278453
20730
239586
150240
471068
176731
243776
13238
307034
478668
497708
394214
394366
444616
15407
465400
79133
348605
411334
4671
473229
20612
266157
181836
324806
43293
392401
302796
108502
465749
280250
409475
447764
422494
427171
308284
129515
83269
304167
108266
129470
94344
249462
475260
152753
371246
495707
70407
407912
259930
233024
220141
9061
123111
13486
326174
242819
122000
67190
79279
387513
115091
328276
207684
431139
445071
68836
211086
155435
288269
165424
25603
479104
406659
102124
443581
484708
183794
165462
58799
210528
23174
133351
61999
47638
180915
98075
186271
193170
100080
110987
189538
396698
170494
216929
331259
108691
259416
461030
47424
97225
82667
433127
122096
199491
367978
241619
19940
444429
316590
141952
131904
340297
295941
29268
298519
479209
189660
165878
29047
77491
83780
388765
326066
189068
184906
438792
200722
154755
292173
117159
246367
467852
150357
375320
40537
377240
231150
322456
198066
394959
350485
499001
458115
404643
418119
323931
460902
228122
443539
451138
494729
494667
284358
200916
18762
295895
397725
168507
132270
421180
92948
83959
22194
271537
173642
482729
364398
339990
383991
362069
169194
281749
307575
259382
141383
317985
373283
465722
274375
89847
158392
119988
59923
43904
31088
494101
452870
350941
139365
38920
148797
278472
287783
462498
119183
155474
459419
128571
296195
429962
397816
146879
187951
296033
476959
337993
297236
361371
198638
173944
24395
89065
202190
360937
225119
409876
401325
477662
469990
26963
433407
165207
92305
293966
140259
1054
236649
375645
295450
22194
445262
202128
143689
164424
420842
438135
368571
115219
194025
111484
126079
127729
25358
483404
128096
183818
65444
472627
435810
452186
429168
412448
498381
199188
39954
118148
400305
407499
171436
480663
395082
38701
221286
81869
172648
372840
324402
167278
495379
478844
362650
456068
408717
325225
310952
22632
279934
375644
420369
317244
485624
367983
202600
126129
457634
78247
356804
165405
129914
133085
276625
463092
154231
340897
50366
407021
434198
368103
389865
271631
230910
89075
460321
109430
403573
255083
248364
193524
302937
276719
37665
17749
489806
373758
317622
482634
101868
244908
17055
240925
303211
252035
416535
353004
245903
293009
120040
48269
170297
494170
71503
187869
206796
175853
70783
173152
146961
290594
486221
478301
60968
76717
326124
334183
129058
253694
150310
341010
296608
259550
207675
165052
179316
328542
459046
276050
274712
227281
185881
360491
154445
208412
477311
287750
253406
147218
17609
292673
33275
495852
373064
162038
60918
494584
445834
497143
411456
305141
437515
434820
359491
196179
470826
180386
183504
449445
475957
445388
8006
47858
341729
16221
193975
286693
454132
127130
196504
390914
305728
122409
434636
232033
363346
21642
235448
347590
53214