79
127
197
198
283
345
372
496
508
538
560
587
590
611
628
655
675
745
770
869
870
884
887
992
998
1041
1071
1075
1094
1234
1289
1301
1364
1372
1431
1488
1550
1568
1583
1641
1674
1685
1700
1714
1715
1715
1725
1762
1846
1847
1911
1949
2042
2053
2067
2136
2182
2302
2326
2447
2461
2509
2554
2561
2569
2580
2619
2621
2706
2742
2802
2827
2845
2883
2945
2965
3152
3463
3466
3483
3499
3589
3749
3863
3896
3896
3914
3937
3945
4014
4058
4195
4240
4255
4308
4369
4463
4482
4549
4583
4773
4799
4810
4823
4907
4923
5007
5015
5027
5033
5068
5075
5088
5108
5127
5133
5233
5341
5359
5424
5475
5487
5592
5602
5612
5628
5701
5725
5777
5796
5802
5891
5903
6007
6061
6186
6216
6225
6296
6297
6301
6308
6417
6460
6462
6475
6586
6597
6766
6932
7089
7145
7230
7302
7328
7358
7385
7386
7397
7398
7446
7462
7547
7572
7576
7601
7661
7670
7757
7780
7834
7853
7935
7946
7956
8030
8085
8194
8303
8337
8340
8376
8462
8716
8756
8867
8930
9030
9035
9120
9138
9237
9487
9492
9564
9601
9619
9697
9697
9712
9722
9729
9779
9945
9964
9966
10013
10128
10252
10292
10413
10439
10441
10461
10492
10534
10772
10777
10797
10841
10876
10914
10988
11016
11073
11229
11265
11306
11389
11487
11511
11626
11668
11688
11715
11741
11754
11815
11819
11915
11920
11928
12078
12242
12261
12289
12302
12313
12317
12380
12503
12504
12538
12602
12646
12654
12670
12730
12772
12819
12841
12872
12872
13026
13051
13217
13246
13365
13370
13477
13528
13560
13564
13621
13655
13756
13775
13829
13977
14010
14064
14167
14236
14262
14339
14407
14419
14596
14696
14706
14741
14742
14792
14874
14896
14941
15011
15023
15027
15081
15105
15142
15249
15286
15312
15353
15384
15388
15422
15453
15474
15631
15655
15677
15798
15865
15872
15931
15982
16051
16064
16074
16145
16386
16443
16518
16549
16557
16586
16655
16830
16836
16958
16997
17034
17049
17095
17109
17150
17159
17210
17274
17288
17596
17692
17827
17893
17959
17963
18029
18061
18070
18073
18091
18147
18152
18234
18241
18273
18281
18317
18347
18411
18427
18434
18495
18564
18567
18676
18681
18758
18775
18812
18844
18886
18981
19081
19093
19216
19285
19430
19456
19604
19651
19664
19698
19704
19729
19840
19842
19857
19865
19908
20014
20059
20199
20216
20266
20520
20567
20571
20622
20666
20681
20720
20723
20843
20915
21083
21110
21136
21153
21161
21225
21245
21295
21465
21565
21658
21675
21688
21884
21914
21915
21924
21966
21972
21997
22102
22241
22288
22366
22375
22394
22416
22462
22475
22572
22637
22639
22857
22894
22938
22979
23085
23098
23128
23460
23546
23575
23599
23735
23778
23806
23890
23951
23998
24018
24101
24138
24174
24267
24367
24419
24432
24491
24520
24535
24577
24693
24755
24816
24847
24856
24988
24991
25005
25018
25043
25053
25075
25081
25127
25201
25241
25376
25400
25435
25451
25458
25603
25645
25653
25694
25766
25843
26012
26022
26203
26255
26305
26343
26352
26384
26485
26522
26563
26680
26781
26830
26896
26974
27031
27083
27100
27233
27237
27261
27306
27316
27343
27354
27357
27428
27429
27473
27610
27666
27706
27730
27810
27902
27904
27926
28047
28124
28153
28177
28302
28383
28412
28419
28478
28480
28522
28554
28624
28699
28757
28786
28795
28962
29071
29093
29184
29258
29292
29301
29315
29325
29335
29407
29483
29493
29590
29595
29607
29615
29617
29635
29657
29687
29772
29811
29832
29833
29842
29886
30025
30085
30250
30260
30291
30407
30539
30577
30613
30688
30719
30720
30722
30779
30801
30810
30819
30820
30939
31032
31073
31158
31229
31238
31270
31281
31338
31575
31575
31642
31701
31772
31802
31823
31874
31948
32022
32092
32097
32126
32127
32163
32200
32274
32288
32487
32592
32634
32694
32742
32820
32866
32926
32969
33086
33158
33247
33252
33255
33304
33382
33456
33497
33529
33557
33723
33851
33883
33928
33966
34076
34097
34180
34288
34293
34381
34391
34434
34483
34557
34638
34653
34658
34665
34775
34793
34839
34865
34908
34937
35096
35104
35112
35243
35271
35349
35452
35513
35557
35566
35600
35621
35629
35653
35665
35690
35719
35736
35763
35781
35820
35988
36019
36044
36060
36083
36104
36206
36218
36241
36249
36291
36293
36361
36480
36523
36548
36696
36770
36803
36909
36937
37019
37124
37126
37148
37162
37165
37166
37196
37361
37370
37373
37402
37446
37495
37522
37569
37622
37657
37680
37702
37790
37906
37924
38012
38108
38205
38261
38318
38337
38389
38416
38503
38509
38533
38632
38731
38803
38851
38864
38884
38901
39017
39042
39121
39157
39248
39323
39386
39417
39446
39484
39497
39576
39670
39824
39885
39960
39995
40018
40034
40149
40210
40265
40295
40296
40340
40377
40378
40518
40570
40582
40746
40788
40790
40855
40889
40889
41202
41399
41468
41483
41600
41629
41648
41718
41786
41845
41879
41985
42021
42225
42350
42450
42547
42575
42602
42618
42736
42742
42869
42945
42990
43111
43162
43189
43217
43278
43299
43313
43460
43496
43598
43647
43677
43745
43748
43852
44002
44034
44324
44476
44491
44538
44589
44607
44614
44650
44650
44654
44690
44706
44737
44762
44812
44848
44921
45139
45155
45156
45209
45278
45286
45293
45369
45454
45552
45601
45639
45659
45686
45899
45911
46031
46079
46138
46178
46237
46292
46496
46511
46529
46562
46580
46630
46881
46942
46959
47012
47121
47149
47244
47307
47317
47317
47493
47571
47589
47672
47697
47756
47759
47807
47893
47903
47945
48025
48055
48062
48074
48105
48123
48141
48192
48266
48267
48497
48497
48520
48538
48541
48587
48610
48617
48725
48762
48805
48871
48888
48895
48941
48980
48996
49000
49029
49156
49233
49262
49352
49390
49580
49666
49673
49706
49721
49866
49891
49962
50029
50038
50063
50149
50277
50279
50293
50402
50571
50672
50824
50858
51027
51055
51207
51248
51264
51269
51384
51447
51471
51572
51624
51642
51656
51664
51667
51675
51716
51985
52026
52034
52165
52206
52218
52375
52474
52487
52495
52498
52523
52596
52606
52744
52804
52808
52814
52830
52842
52870
52885
52942
52985
53082
53146
53204
53330
53342
53413
53460
53464
53591
53596
53603
53621
53748
53778
53827
53965
54064
54074
54118
54133
54169
54174
54312
54432
54516
54523
54574
54742
54767
54804
54811
54872
54922
54932
55028
55138
55156
55169
55174
55202
55204
55305
55370
55413
55452
55461
55463
55559
55588
55598
55800
55842
55872
55905
55946
55954
55958
56026
56114
56197
56278
56339
56357
56526
56557
56587
56593
56601
56607
56662
56798
56808
56815
56929
56930
56938
57043
57072
57107
57129
57196
57231
57242
57288
57352
57391
57405
57420
57425
57467
57638
57727
57814
57824
57925
58033
58160
58324
58325
58326
58330
58335
58352
58382
58391
58423
58445
58458
58464
58480
58482
58486
58550
58652
58802
58832
58832
58847
58986
59037
59044
59064
59075
59078
59109
59142
59148
59227
59234
59324
59343
59390
59402
59409
59461
59498
59565
59649
59678
59690
59693
59721
59741
59758
59867
59961
59980
60017
60022
60234
60283
60345
60393
60431
60502
60518
60560
60572
60675
60683
60771
60882
60978
60986
61030
61051
61051
61066
61077
61085
61092
61164
61172
61224
61228
61323
61326
61472
61556
61726
61730
61789
61831
61837
61840
62146
62157
62223
62254
62271
62271
62275
62418
62432
62512
62538
62645
62687
62696
62798
62851
62913
62913
62924
63033
63051
63104
63187
63217
63221
63301
63313
63333
63399
63430
63467
63502
63507
63528
63557
63604
63616
63707
63712
63735
63753
63777
63848
63867
63893
63924
63961
63975
64096
64139
64139
64169
64219
64225
64341
64349
64377
64473
64512
64632
64654
64712
64746
64864
64880
64890
64895
64899
64972
65129
65288
65487
65501
65623
65755
65764
65808
65811
65839
66001
66022
66027
66192
66212
66237
66279
66280
66288
66321
66322
66368
66469
66509
66577
66586
66588
66692
66790
66864
66910
66978
67042
67113
67145
67189
67237
67240
67256
67288
67325
67379
67386
67486
67553
67568
67637
67851
67868
67948
68069
68084
68116
68139
68235
68273
68309
68345
68347
68357
68380
68417
68425
68462
68498
68504
68553
68564
68587
68588
68641
68662
68695
68730
68751
68764
68783
68913
68984
69004
69032
69091
69155
69172
69277
69296
69345
69355
69433
69467
69495
69588
69648
69709
69712
69769
69840
69842
69858
69909
69969
69984
69984
69994
70051
70069
70245
70296
70323
70338
70351
70378
70431
70457
70491
70543
70623
70624
70689
70693
70762
70805
70833
70860
70899
71024
71067
71122
71185
71213
71237
71279
71374
71384
71453
71473
71505
71561
71574
71584
71868
72039
72137
72194
72354
72527
72528
72575
72748
72780
73004
73009
73024
73042
73057
73058
73103
73107
73238
73251
73252
73273
73321
73336
73372
73451
73455
73520
73567
73721
73743
73761
73762
73856
73946
74088
74156
74244
74268
74302
74324
74345
74358
74442
74456
74462
74463
74493
74588
74596
74709
74729
74807
74987
75018
75031
75059
75093
75114
75209
75233
75254
75392
75416
75524
75555
75556
75720
75769
75848
75892
76060
76080
76128
76169
76214
76217
76227
76279
76298
76300
76442
76506
76515
76589
76689
76705
76739
76836
76886
76895
76947
76949
76988
77019
77201
77269
77323
77335
77365
77384
77397
77582
77634
77695
77794
77811
77816
77831
77846
77862
77898
77913
77954
78066
78073
78126
78140
78142
78143
78183
78271
78393
78496
78577
78638
78782
78801
78802
78974
78983
79041
79059
79090
79200
79224
79226
79247
79252
79297
79360
79360
79392
79457
79465
79517
79527
79532
79574
79660
79759
79791
79796
79829
79967
79995
80019
80044
80056
80091
80123
80169
80181
80228
80237
80264
80389
80404
80489
80659
80669
80684
80741
80782
80785
80799
80923
80980
80991
81075
81103
81125
81160
81184
81198
81225
81228
81289
81294
81361
81388
81390
81457
81472
81639
81646
81726
81752
81794
81830
81859
81897
81953
82008
82034
82057
82189
82250
82267
82312
82348
82493
82515
82783
82803
82899
82902
82932
82939
82947
82963
83028
83073
83154
83199
83204
83213
83217
83223
83315
83318
83347
83380
83474
83538
83571
83574
83638
83751
83806
83850
83865
83945
84010
84090
84104
84140
84186
84211
84339
84382
84398
84471
84527
84601
84620
84656
84668
84690
84729
84745
84776
84855
84980
85021
85045
85220
85310
85405
85408
85526
85562
85594
85602
85640
85682
85732
85744
85826
85856
85857
85952
86069
86072
86105
86119
86172
86173
86294
86296
86319
86346
86381
86386
86427
86545
86569
86572
86622
86667
86667
86699
86764
86918
87027
87033
87116
87176
87206
87319
87341
87374
87425
87449
87478
87526
87571
87583
87587
87667
87723
87823
87842
87917
87976
87976
88014
88028
88048
88059
88151
88188
88191
88352
88373
88382
88487
88515
88563
88641
88651
88672
88707
88827
88828
88854
88898
88949
88977
89017
89039
89073
89109
89362
89425
89442
89610
89685
89729
89749
89764
89819
89849
89882
89893
89911
90018
90105
90203
90237
90249
90300
90372
90429
90487
90537
90548
90573
90628
90668
90706
90915
91038
91038
91059
91133
91133
91150
91227
91448
91461
91486
91546
91591
91657
91793
91880
91929
91936
91973
92079
92118
92131
92254
92354
92439
92471
92597
92623
92751
92834
92836
92877
92927
92943
93007
93015
93070
93133
93193
93212
93276
93328
93328
93371
93426
93512
93541
93542
93639
93694
93908
93937
93970
93984
94033
94035
94039
94057
94096
94111
94114
94145
94210
94259
94276
94369
94376
94409
94427
94436
94503
94534
94538
94550
94591
94655
94660
94694
94730
94782
94782
94957
94991
95043
95113
95134
95143
95220
95433
95448
95512
95526
95530
95552
95583
95616
95640
95667
95797
95808
95836
95860
95871
95910
95985
95990
96155
96156
96181
96199
96203
96243
96370
96375
96431
96470
96538
96546
96564
96601
96676
96698
96716
96750
96823
96874
96892
96962
96962
97074
97116
97216
97223
97236
97254
97255
97267
97301
97318
97382
97537
97600
97692
97769
97881
98018
98090
98090
98114
98182
98274
98284
98302
98557
98648
98698
98699
98733
98798
98921
98971
98994
99014
99077
99084
99124
99158
99172
99194
99218
99235
99332
99471
99508
99533
99554
99595
99599
99619
99683
99777
99954
99969
100089
100104
100142
100149
100213
100217
100459
100546
100575
100583
100610
100669
100727
100782
100834
100855
100885
100901
100947
101010
101084
101144
101156
101169
101190
101274
101327
101370
101509
101640
101851
101885
101888
101920
101996
102052
102085
102106
102108
102148
102219
102289
102323
102357
102428
102432
102499
102513
102520
102559
102571
102584
102613
102684
102719
102848
102914
102939
102975
103144
103202
103214
103252
103272
103272
103405
103557
103569
103704
103708
103779
103786
103790
103801
103808
103843
103897
103918
103999
104046
104090
104229
104292
104421
104447
104453
104458
104494
104498
104674
104679
104716
104765
104799
104809
104878
104985
104994
104999
105358
105444
105496
105619
105622
105625
105649
105664
105738
105740
105746
105767
105809
105826
105954
105977
105991
106046
106062
106109
106144
106159
106161
106189
106207
106218
106284
106412
106429
106555
106634
106718
106744
106764
106785
106800
106927
106939
106978
106991
107001
107079
107080
107103
107133
107258
107267
107404
107411
107470
107502
107509
107617
107706
107728
107755
107845
107885
107890
107918
107970
108061
108085
108174
108221
108226
108227
108314
108329
108348
108487
108489
108501
108517
108758
108815
108869
108880
108977
109038
109124
109129
109167
109291
109298
109392
109402
109432
109528
109587
109604
109678
109691
109693
109770
109812
109882
109901
109901
109919
109934
110014
110077
110128
110133
110186
110220
110256
110271
110308
110335
110341
110342
110371
110416
110447
110579
110635
110671
110700
110786
110910
110931
111017
111070
111123
111127
111135
111153
111176
111190
111191
111213
111264
111273
111418
111453
111528
111609
111610
111628
111903
112010
112064
112085
112177
112183
112184
112237
112278
112343
112388
112395
112401
112421
112422
112462
112474
112535
112597
112663
112681
112683
112715
112757
112826
112835
112836
112890
112973
112998
113014
113326
113366
113383
113414
113488
113505
113535
113806
113821
113859
113876
113888
113916
113939
114029
114039
114042
114050
114133
114187
114343
114390
114546
114567
114581
114645
114719
114729
114729
114788
114843
114844
114852
115006
115084
115106
115153
115207
115335
115455
115508
115537
115568
115573
115624
115642
115658
115677
115741
115755
115767
115834
115884
116002
116024
116140
116204
116300
116318
116337
116357
116364
116383
116422
116427
116513
116517
116539
116641
116679
116748
116770
116989
117025
117143
117172
117307
117387
117404
117454
117464
117492
117511
117591
117607
117723
117779
117857
117858
117859
117882
117908
118006
118028
118039
118159
118166
118195
118286
118307
118336
118392
118433
118539
118570
118755
118863
118873
118882
118888
119026
119028
119094
119109
119149
119170
119214
119247
119247
119355
119418
119422
119493
119616
119624
119689
119867
119937
120026
120056
120064
120182
120277
120320
120338
120350
120360
120380
120397
120448
120459
120469
120538
120675
120894
121002
121062
121071
121114
121158
121284
121298
121479
121666
121689
121695
121732
121732
121734
121736
121785
121830
121834
121959
121984
122004
122069
122129
122141
122193
122342
122366
122377
122531
122632
122640
122730
122829
122881
122934
122953
123120
123143
123192
123281
123327
123335
123453
123574
123584
123619
123647
123653
123676
123688
123709
123725
123747
123752
123762
123779
123808
123885
123908
124078
124121
124193
124370
124391
124411
124482
124548
124694
124841
124903
124970
125058
125066
125077
125147
125241
125340
125342
125349
125378
125404
125424
125451
125455
125482
125499
125503
125526
125542
125676
125690
125751
125758
125810
125948
126011
126187
126346
126390
126423
126427
126468
126562
126566
126578
126597
126670
126694
126727
126784
126784
126796
126872
126982
126986
126992
127058
127060
127074
127133
127183
127204
127209
127238
127247
127271
127330
127607
127666
127738
127770
127770
127861
127888
127896
127937
128018
128036
128041
128053
128166
128207
128217
128269
128318
128382
128409
128528
128531
128555
128617
128722
128740
128772
128773
128974
129063
129129
129132
129208
129264
129287
129425
129521
129613
129625
129761
129795
129903
129983
130038
130109
130144
130359
130409
130424
130480
130630
130637
130674
130766
130782
130795
130821
130871
130896
131017
131082
131087
131134
131238
131248
131283
131481
131501
131588
131645
131694
131701
131759
131778
131817
131857
131980
132188
132254
132345
132539
132544
132614
132620
132623
132639
132809
132844
133037
133144
133156
133191
133223
133262
133287
133315
133377
133416
133457
133487
133532
133533
133548
133608
133705
133758
133788
133803
133898
133904
133923
134038
134068
134129
134263
134420
134422
134476
134619
134622
134698
134734
134799
134885
134965
134997
135025
135284
135306
135314
135415
135458
135534
135564
135664
135910
135918
135938
135950
136049
136124
136178
136202
136252
136350
136369
136381
136512
136521
136528
136593
136602
136652
136736
136737
136743
136796
136840
136926
137024
137107
137218
137218
137276
137331
137664
137750
137803
137820
137914
137966
137982
137990
138004
138159
138219
138246
138299
138318
138383
138392
138432
138536
138646
138749
138854
138857
138920
138933
139291
139291
139421
139705
139706
139717
139763
139767
139799
139799
139907
140014
140028
140073
140080
140120
140172
140197
140199
140212
140283
140342
140352
140363
140628
140667
140693
140718
140741
140749
140766
140768
140781
140819
140821
140873
141116
141148
141165
141239
141280
141293
141297
141341
141485
141521
141574
141737
141873
141903
141918
141930
141941
141966
141980
142021
142034
142038
142188
142268
142297
142302
142376
142428
142472
142672
142712
142887
142911
142930
142978
142996
143002
143207
143294
143326
143363
143364
143533
143585
143597
143603
143654
143663
143781
143798
143799
143899
143918
143950
143960
143980
144037
144109
144157
144330
144375
144398
144461
144472
144570
144577
144609
144620
144648
144678
144686
144764
144837
144845
144900
145011
145026
145033
145098
145140
145325
145335
145343
145359
145375
145420
145426
145436
145471
145491
145528
145541
145542
145605
145689
145726
145787
145862
145880
145886
145893
145984
146048
146080
146109
146132
146189
146191
146193
146348
146394
146410
146410
146434
146477
146614
146694
146699
146733
146868
146896
146938
146978
147022
147036
147043
147062
147093
147110
147118
147152
147212
147248
147316
147336
147342
147406
147408
147493
147604
147634
147684
147756
147811
147872
147906
147939
148005
148100
148121
148168
148273
148295
148415
148492
148526
148543
148562
148573
148757
148767
148886
148902
148930
148956
148962
149017
149021
149033
149224
149263
149274
149323
149324
149324
149347
149351
149387
149641
149786
149897
149919
149954
149975
150005
150148
150180
150190
150229
150252
150318
150334
150472
150476
150506
150508
150509
150526
150565
150573
150579
150664
150742
150777
150852
150892
150944
150971
151101
151240
151269
151300
151311
151316
151372
151439
151441
151448
151540
151572
151693
151693
151713
151777
151880
151889
151983
152108
152133
152133
152180
152355
152371
152389
152412
152417
152434
152454
152455
152492
152502
152575
152647
152653
152782
152811
152907
153010
153020
153052
153094
153110
153116
153154
153161
153271
153292
153315
153323
153394
153452
153470
153546
153613
153620
153708
153733
153738
153809
153921
153993
154071
154081
154098
154304
154410
154414
154457
154488
154521
154574
154579
154647
154659
154681
154689
154730
154747
154797
154912
154989
155042
155078
155142
155165
155171
155286
155319
155331
155382
155385
155441
155443
155529
155600
155628
155764
155784
155793
155813
155827
155888
155971
155982
155991
155995
156003
156032
156037
156074
156122
156140
156166
156174
156193
156356
156379
156409
156456
156460
156517
156518
156531
156696
156712
156770
156855
156927
157147
157219
157396
157416
157433
157625
157650
157653
157706
157735
157735
157772
157880
157906
157941
157965
158020
158088
158143
158191
158212
158226
158338
158358
158406
158429
158496
158513
158553
158600
158601
158623
158670
158697
158734
158757
158836
158859
158950
158963
158966
159027
159089
159136
159137
159144
159190
159315
159323
159329
159365
159389
159447
159498
159527
159601
159608
159620
159624
159650
159668
159671
159698
159737
159775
159830
159866
159876
159994
160103
160134
160191
160348
160349
160371
160421
160460
160523
160587
160638
160667
160713
160732
160732
160732
160880
161096
161136
161248
161257
161269
161303
161352
161390
161509
161606
161621
161748
161796
161817
161817
162003
162015
162091
162178
162190
162206
162279
162332
162348
162350
162357
162383
162397
162515
162588
162634
162654
162671
162677
162732
162820
162917
162970
163047
163110
163161
163178
163184
163223
163291
163315
163385
163424
163464
163480
163541
163549
163560
163560
163582
163603
163641
163641
163656
163665
163673
163758
163766
163783
163843
163888
163924
164002
164036
164073
164093
164183
164317
164350
164372
164390
164443
164461
164503
164558
164574
164576
164683
164753
164787
164814
164842
164879
164913
164932
165087
165129
165147
165150
165194
165350
165374
165378
165401
165426
165459
165528
165531
165534
165576
165580
165593
165699
165844
165916
165965
165973
165992
166053
166084
166156
166219
166227
166229
166269
166299
166320
166470
166556
166587
166785
166942
166942
166956
166974
167013
167018
167047
167088
167097
167189
167217
167264
167314
167422
167424
167533
167543
167544
167573
167617
167650
167658
167664
167691
167747
167926
167991
168013
168026
168100
168204
168409
168448
168451
168481
168560
168581
168713
168793
168888
168918
168968
168980
168999
169039
169048
169108
169129
169209
169261
169357
169420
169594
169679
169709
169730
169789
169795
169826
169837
170067
170095
170148
170231
170250
170273
170275
170280
170374
170379
170414
170460
170481
170572
170599
170668
170730
170828
170839
170889
171040
171167
171204
171266
171291
171332
171402
171411
171411
171517
171519
171642
171646
171665
171683
171830
171878
171885
171893
171919
171989
172108
172174
172174
172215
172235
172246
172302
172401
172404
172427
172597
172619
172629
172709
172767
172768
172822
172864
172868
172896
172915
172975
173003
173040
173084
173165
173171
173248
173265
173345
173417
173540
173547
173553
173648
173691
173734
173750
173791
173833
173835
173862
173932
173938
174015
174034
174171
174219
174347
174356
174380
174521
174572
174592
174715
174716
174726
174781
174790
174847
174883
174915
174958
174976
175036
175062
175110
175137
175139
175190
175257
175257
175414
175440
175513
175521
175587
175614
175687
175723
175788
175806
175826
175885
175910
175912
175963
175968
175970
176087
176133
176232
176244
176373
176496
176589
176596
176643
176659
176682
176701
176827
176865
176876
176884
176941
176981
177113
177149
177244
177331
177349
177356
177361
177392
177397
177413
177424
177655
177674
177711
177861
177928
178053
178278
178308
178332
178400
178491
178547
178561
178572
178583
178595
178682
178696
178696
178720
178745
178755
178756
178762
178768
178835
178996
179029
179075
179079
179127
179217
179241
179326
179394
179576
179705
179804
179809
179829
179855
179860
179869
179882
179940
180071
180131
180166
180238
180287
180308
180308
180351
180354
180440
180465
180465
180487
180497
180539
180658
180699
180714
180745
180799
180897
180951
180992
181079
181083
181141
181158
181158
181187
181233
181295
181311
181345
181432
181452
181625
181631
181666
181669
181708
181733
181784
181795
181809
181923
181966
182024
182062
182070
182206
182227
182276
182292
182350
182358
182439
182440
182581
182690
182691
182864
182904
182948
182961
183048
183061
183093
183108
183144
183232
183271
183297
183306
183328
183348
183484
183555
183593
183766
183791
183870
183873
183975
184036
184061
184241
184313
184384
184395
184478
184483
184576
184643
184696
184884
184886
184912
184972
184991
185026
185071
185110
185202
185210
185253
185318
185342
185379
185407
185473
185551
185555
185577
185582
185599
185620
185728
185731
185751
185761
185834
185872
185921
185939
186012
186034
186064
186095
186212
186244
186291
186408
186551
186599
186605
186661
186731
186763
186785
186806
186812
186820
186887
186928
187019
187140
187205
187236
187259
187365
187462
187477
187523
187525
187548
187554
187596
187619
187707
187734
187761
187822
187831
187840
187862
187923
187954
188033
188066
188067
188129
188137
188149
188163
188309
188310
188377
188449
188492
188632
188727
188774
188953
188991
189288
189301
189337
189449
189505
189516
189534
189573
189594
189642
189738
189742
189760
189804
189829
189836
189889
189946
190004
190102
190249
190302
190319
190396
190509
190531
190547
190564
190573
190577
190659
190797
190809
190837
191102
191113
191207
191303
191334
191383
191416
191608
191627
191636
191642
191673
191720
191815
191938
191958
191963
191981
191993
192000
192012
192096
192169
192254
192331
192347
192356
192412
192489
192491
192498
192583
192601
192623
192637
192707
192720
192734
192810
192888
192900
192948
193006
193091
193111
193249
193257
193355
193383
193511
193535
193614
193802
193885
193899
193906
193962
193997
194030
194100
194107
194108
194153
194188
194286
194349
194357
194359
194398
194441
194444
194456
194465
194474
194481
194500
194512
194515
194539
194552
194587
194613
194688
194696
194742
194802
194820
194827
194877
194901
194976
194996
195000
195038
195039
195070
195086
195112
195122
195133
195151
195157
195178
195242
195245
195323
195340
195387
195400
195443
195445
195527
195673
195720
195731
195801
195836
195850
195861
195955
195958
195984
195986
196008
196017
196076
196082
196095
196141
196219
196268
196296
196459
196460
196593
196635
196666
196672
196860
196865
196913
197140
197143
197148
197268
197277
197317
197363
197444
197499
197673
197849
197979
197997
198049
198077
198085
198110
198148
198213
198249
198388
198479
198527
198535
198560
198742
198756
198802
198836
198840
198854
198899
198919
198986
199038
199045
199059
199074
199108
199167
199207
199288
199312
199328
199458
199475
199510
199578
199627
199662
199662
199705
199840
199862
199897
199913
199920
200018
200078
200083
200190
200302
200316
200328
200403
200411
200513
200546
200569
200636
200665
200714
200822
200832
200837
200897
201030
201127
201170
201177
201189
201231
201236
201252
201279
201330
201345
201358
201401
201428
201477
201480
201497
201620
201636
201687
201755
201774
201801
201808
201809
201872
201972
202186
202204
202217
202250
202270
202292
202299
202464
202528
202562
202726
202732
202765
202812
202871
202877
202886
202919
202923
202924
202961
203019
203024
203148
203153
203198
203217
203218
203263
203309
203333
203341
203361
203385
203516
203543
203673
203794
203870
203888
203937
203952
204342
204397
204576
204666
204668
204691
204722
204787
204834
204955
204987
205050
205101
205152
205242
205258
205304
205362
205498
205668
205743
205747
205754
205856
205872
205888
205913
205931
205947
206073
206093
206153
206161
206300
206307
206311
206323
206350
206377
206381
206488
206499
206526
206577
206599
206601
206683
206725
206759
206769
206802
206831
206939
206943
206973
206990
207018
207036
207221
207328
207357
207487
207520
207537
207612
207632
207690
207732
207740
207916
207923
208030
208097
208138
208226
208264
208277
208297
208333
208355
208359
208537
208570
208651
208671
208677
208764
208824
208866
208999
209018
209026
209053
209061
209098
209144
209184
209230
209233
209248
209323
209363
209510
209547
209586
209640
209692
209767
209888
210123
210158
210280
210385
210452
210463
210481
210530
210700
210738
210780
210824
211166
211277
211342
211353
211403
211435
211593
211774
211800
211857
211927
211966
212195
212223
212228
212280
212384
212433
212516
212649
212670
212680
212773
212855
212865
212910
212954
213021
213059
213083
213085
213160
213234
213240
213242
213275
213318
213362
213390
213395
213396
213424
213462
213480
213555
213645
213696
213718
213781
213783
213796
213832
213836
213923
213986
214087
214155
214201
214320
214340
214373
214375
214475
214587
214688
214712
214726
214807
214814
214845
214926
214949
214956
214986
214993
215027
215070
215105
215113
215186
215209
215325
215338
215399
215415
215433
215470
215504
215557
215564
215565
215601
215611
215625
215656
215770
215775
215841
215887
215893
215961
215984
216173
216220
216224
216275
216278
216296
216316
216497
216559
216564
216588
216668
216670
216805
216870
216913
217022
217054
217098
217153
217219
217393
217407
217443
217495
217580
217626
217687
217691
217769
217795
217844
217888
217911
218000
218141
218148
218151
218152
218174
218221
218247
218253
218378
218406
218497
218608
218619
218698
218739
218793
218859
218861
218873
218922
218973
219006
219084
219134
219153
219215
219528
219552
219597
219627
219637
219758
219825
219893
219923
219942
219960
219993
220076
220090
220100
220161
220180
220227
220254
220257
220324
220442
220467
220489
220489
220537
220548
220597
220621
220778
220842
220843
220887
220943
220944
221097
221111
221115
221158
221161
221252
221271
221509
221545
221667
221745
221828
221845
221858
221864
221874
221905
221910
221960
222023
222098
222193
222209
222252
222270
222468
222506
222562
222666
222751
222811
222922
222944
223061
223063
223072
223181
223208
223340
223358
223366
223573
223577
223614
223651
223659
223664
223726
223798
223841
223845
223855
223871
223913
223944
223946
223953
223985
224067
224213
224247
224270
224302
224340
224456
224521
224575
224628
224682
224723
224738
224801
224853
224910
224980
225055
225113
225229
225244
225350
225467
225488
225576
225618
225820
225829
225830
225905
225907
225909
225927
225949
225951
226067
226126
226203
226205
226278
226297
226305
226320
226348
226356
226389
226462
226493
226534
226555
226579
226876
226948
226996
226999
227036
227118
227140
227203
227222
227228
227240
227245
227270
227357
227376
227385
227405
227447
227523
227532
227590
227592
227704
227706
227826
227861
227867
227896
227907
227921
228083
228086
228111
228141
228188
228194
228211
228371
228419
228490
228556
228558
228582
228584
228721
228737
228843
228846
228855
228908
228914
228916
229000
229007
229115
229139
229164
229296
229334
229470
229530
229555
229621
229628
229676
229746
229748
229829
229831
229940
229994
229995
230196
230227
230310
230323
230452
230476
230519
230564
230699
230760
230772
230807
230870
230909
230915
230975
231030
231039
231062
231084
231135
231135
231158
231173
231185
231203
231378
231403
231413
231544
231588
231705
231712
231777
231917
232082
232101
232187
232227
232241
232278
232308
232489
232689
232791
232810
232854
232898
232998
233057
233127
233179
233233
233302
233314
233354
233378
233381
233391
233418
233483
233502
233507
233537
233635
233636
233954
234089
234105
234148
234273
234279
234376
234414
234476
234729
234741
234896
235007
235008
235028
235053
235124
235173
235268
235354
235359
235398
235443
235467
235498
235549
235557
235574
235609
235640
235855
235875
236055
236146
236153
236205
236254
236280
236314
236335
236429
236521
236555
236619
236711
236811
236921
236954
236992
236996
237011
237048
237094
237206
237218
237237
237242
237244
237257
237376
237389
237408
237440
237459
237478
237562
237648
237707
237725
237812
237836
237856
237973
238016
238046
238071
238089
238178
238194
238377
238457
238539
238576
238595
238629
238661
238714
238791
238799
238806
238824
238896
239030
239037
239210
239212
239275
239298
239304
239398
239566
239595
239607
239760
239764
239820
239849
239885
239910
239964
239978
239993
240048
240156
240236
240241
240303
240379
240386
240404
240406
240417
240518
240571
240578
240704
240792
240844
240873
240932
241044
241068
241072
241074
241149
241283
241306
241319
241319
241364
241418
241425
241452
241479
241496
241564
241659
241659
241721
241736
241797
241797
241845
241852
241866
241911
241934
242038
242114
242140
242156
242275
242439
242533
242559
242607
242643
242664
242669
242678
242687
242689
242735
242792
242840
242910
242940
243007
243026
243095
243142
243163
243221
243352
243399
243414
243426
243495
243508
243604
243611
243632
243735
243789
243863
243870
243926
243945
244018
244087
244148
244314
244346
244416
244593
244682
244710
244740
244742
244873
244913
245008
245034
245044
245072
245245
245283
245332
245355
245398
245402
245494
245625
245663
245718
245773
245893
245956
245974
245977
245980
245993
246107
246109
246131
246219
246337
246355
246368
246484
246493
246498
246500
246585
246614
246640
246669
246735
246741
246797
246848
246857
246877
246971
246996
247050
247120
247129
247206
247292
247339
247419
247427
247539
247582
247601
247711
247810
247841
248055
248063
248078
248095
248147
248171
248212
248243
248266
248279
248350
248387
248390
248422
248498
248533
248548
248560
248598
248603
248620
248636
248640
248647
248696
248737
248873
248882
249055
249057
249184
249236
249268
249294
249309
249334
249375
249394
249443
249464
249498
249499
249617
249700
249799
249813
249861
249928
249951
250125
250202
250318
250404
250548
250572
250594
250647
250796
250855
250938
250961
250966
250985
251110
251264
251337
251509
251523
251551
251644
251678
251726
251788
251896
251952
252267
252287
252296
252369
252421
252538
252609
252812
252836
252889
253009
253011
253126
253144
253148
253215
253244
253310
253355
253383
253419
253420
253422
253452
253502
253522
253577
253654
253678
253768
253849
253880
253921
253923
253974
254045
254066
254097
254106
254202
254236
254296
254306
254350
254383
254418
254527
254537
254549
254637
254689
254777
254782
254808
254847
254885
254930
255030
255053
255138
255182
255264
255266
255289
255304
255343
255406
255459
255477
255849
255859
255935
255951
256063
256089
256127
256148
256186
256236
256252
256286
256299
256308
256314
256333
256508
256553
256670
256696
256729
256943
256950
256961
256986
257005
257024
257057
257164
257221
257275
257417
257455
257471
257559
257576
257578
257593
257624
257655
257738
257740
257830
257933
257944
257959
258104
258130
258139
258175
258225
258352
258353
258374
258394
258397
258398
258469
258474
258479
258498
258837
258855
258862
258907
258971
259084
259099
259166
259200
259228
259268
259280
259323
259406
259454
259463
259465
259539
259545
259570
259635
259662
259951
260025
260137
260196
260222
260258
260292
260308
260386
260403
260446
260446
260626
260713
260737
260842
260965
260971
261017
261036
261092
261245
261256
261352
261425
261581
261628
261629
261631
261763
261778
261822
261913
261942
262042
262108
262122
262152
262160
262168
262302
262340
262416
262497
262568
262571
262672
262758
262926
262948
262958
263018
263024
263066
263183
263273
263290
263325
263341
263372
263477
263478
263525
263575
263649
263746
263891
263893
263907
263912
263938
263946
264024
264209
264225
264235
264259
264282
264311
264315
264376
264452
264633
264640
264749
264788
264845
265068
265072
265220
265232
265284
265303
265438
265444
265453
265474
265500
265507
265574
265618
265634
265670
265692
265772
265897
266009
266192
266217
266285
266291
266337
266388
266424
266512
266666
266738
266772
266785
266816
266825
266861
266891
266929
266970
267021
267091
267091
267106
267111
267113
267150
267207
267272
267424
267530
267574
267599
267620
267632
267669
267675
267682
267839
267866
267870
267874
267919
267921
267953
267993
268009
268055
268114
268227
268310
268312
268315
268359
268546
268594
268691
268780
268917
268923
268927
268972
268984
268995
269012
269034
269046
269259
269366
269380
269386
269390
269428
269433
269435
269474
269516
269517
269554
269602
269645
269836
269943
270001
270071
270083
270113
270176
270239
270315
270399
270481
270499
270514
270515
270707
270815
270846
270956
271058
271122
271154
271156
271181
271183
271214
271293
271363
271396
271491
271499
271596
271602
271620
271661
271685
271706
271848
272042
272083
272088
272131
272149
272153
272188
272233
272337
272423
272434
272446
272629
272642
272791
272820
273073
273108
273180
273276
273380
273392
273399
273430
273458
273472
273477
273487
273521
273591
273621
273625
273680
273689
273693
273762
273763
273771
273798
273856
273856
273926
273933
273962
274158
274237
274353
274380
274404
274436
274482
274497
274625
274684
274721
274739
274763
274843
274929
275014
275068
275118
275189
275214
275243
275430
275432
275467
275486
275635
275709
275718
275738
275886
275913
275977
275989
276016
276045
276086
276166
276221
276260
276273
276328
276562
276805
276860
276974
277055
277055
277075
277257
277312
277481
277618
277622
277698
277706
277751
277757
277811
277856
277982
277982
277993
278042
278047
278171
278215
278225
278229
278283
278325
278334
278466
278621
278627
278643
278655
278797
278885
278956
278973
279026
279210
279222
279224
279240
279272
279280
279345
279376
279433
279435
279445
279457
279478
279555
279601
279618
279652
279707
279808
280026
280114
280207
280263
280331
280353
280463
280494
280503
280611
280687
280710
280748
280772
280777
280780
280799
280909
280995
281030
281081
281088
281143
281174
281267
281323
281341
281389
281412
281435
281454
281513
281544
281611
281663
281704
281730
281768
281773
281808
281850
281852
281910
281917
282015
282049
282191
282220
282295
282360
282461
282474
282476
282507
282572
282772
283086
283223
283225
283248
283354
283358
283433
283457
283464
283481
283591
283663
283693
283884
283937
283950
283957
283958
283996
284077
284236
284237
284312
284317
284398
284429
284459
284468
284503
284523
284582
284585
284614
284643
284682
284752
284877
284902
284918
284963
284975
284979
284980
284992
285036
285037
285065
285169
285181
285223
285281
285320
285334
285405
285635
285649
285683
285696
285732
285859
286055
286183
286210
286330
286336
286336
286379
286387
286484
286484
286561
286584
286628
286710
286823
286831
286841
286856
286915
287002
287086
287137
287176
287208
287312
287324
287356
287367
287427
287546
287561
287562
287588
287630
287789
287860
287887
287991
288006
288010
288035
288094
288110
288130
288161
288214
288256
288322
288342
288369
288380
288430
288461
288550
288586
288601
288686
288773
288801
288857
289013
289068
289095
289121
289128
289199
289221
289285
289314
289334
289389
289541
289681
289707
289810
289833
289836
289917
289955
289990
290034
290052
290062
290143
290211
290291
290325
290340
290407
290414
290529
290541
290545
290640
290654
290706
290712
290720
290728
290772
290778
290802
290851
290938
290961
291123
291135
291208
291377
291468
291487
291517
291540
291544
291576
291581
291622
291640
291741
291813
291974
291991
292041
292096
292181
292196
292290
292317
292424
292426
292502
292531
292551
292563
292601
292664
292679
292736
292790
292838
292855
292906
292922
292943
292975
293001
293082
293097
293231
293303
293352
293356
293364
293393
293452
293466
293476
293479
293536
293544
293550
293554
293574
293650
293654
293658
293762
293842
293850
293972
293988
294079
294087
294131
294135
294139
294144
294211
294223
294250
294295
294349
294391
294429
294465
294504
294509
294523
294540
294592
294647
294778
294789
294807
294823
294828
294852
294855
294871
294918
294974
294986
295023
295036
295072
295078
295091
295094
295101
295109
295211
295220
295224
295330
295342
295440
295442
295467
295481
295533
295538
295566
295569
295713
295716
295757
295907
295921
295946
295951
295998
296074
296117
296180
296208
296231
296270
296281
296281
296332
296342
296393
296409
296557
296559
296576
296587
296636
296699
296704
296810
296829
296895
296896
297024
297058
297060
297112
297169
297176
297289
297291
297346
297392
297404
297458
297502
297563
297618
297736
297743
297752
297897
297927
297957
297968
298047
298143
298270
298279
298341
298386
298520
298554
298573
298617
298620
298671
298674
298774
298823
298936
298955
298975
298991
299006
299039
299284
299319
299319
299328
299377
299406
299468
299493
299508
299602
299795
299886
299934
299938
300018
300033
300043
300076
300120
300123
300156
300251
300278
300300
300327
300330
300331
300443
300538
300569
300636
300667
300705
300745
300798
300825
300844
300872
300898
300899
300914
300937
300956
300963
300989
301086
301317
301399
301457
301537
301675
301719
301751
301765
301796
301803
301850
301980
302071
302120
302131
302161
302166
302243
302257
302289
302342
302364
302399
302409
302421
302571
302583
302588
302637
302646
302770
302808
302856
302903
302912
302994
302998
303056
303224
303341
303352
303390
303422
303428
303434
303494
303549
303590
303640
303664
303688
303712
303712
303813
303815
303927
304049
304096
304132
304150
304156
304222
304279
304336
304424
304438
304458
304496
304521
304532
304540
304582
304627
304646
304673
304704
304705
304723
304732
304735
304771
304814
304821
304833
304875
304881
304926
304938
304948
304996
305001
305005
305057
305135
305154
305169
305299
305320
305352
305353
305365
305369
305401
305436
305482
305513
305531
305557
305637
305679
305752
305798
305799
305802
305820
305923
306001
306066
306075
306085
306101
306113
306152
306191
306347
306389
306407
306500
306524
306533
306578
306631
306635
306663
306675
306755
306755
306772
306814
306874
306963
307024
307127
307183
307221
307245
307247
307338
307356
307365
307366
307374
307380
307381
307424
307468
307478
307534
307601
307619
307631
307662
307718
307738
307761
307809
307827
307911
308040
308060
308159
308208
308267
308325
308334
308458
308477
308567
308688
308694
308778
308787
308790
308893
308984
309020
309097
309195
309288
309381
309385
309397
309403
309421
309455
309508
309530
309596
309610
309629
309707
309823
309844
309852
309864
309871
309875
309904
309970
310047
310230
310253
310309
310313
310357
310375
310464
310692
310696
310758
310772
310791
310821
310941
311020
311031
311131
311158
311159
311212
311224
311229
311241
311264
311279
311289
311390
311394
311426
311577
311602
311621
311658
311667
311682
311713
311735
311855
311885
312090
312098
312375
312378
312480
312533
312657
312723
312731
312761
312816
312873
312902
312914
312978
313037
313054
313073
313274
313349
313367
313400
313468
313564
313757
313847
314044
314075
314087
314238
314359
314427
314564
314607
314680
314714
314797
314864
314929
314952
314973
315124
315133
315151
315174
315193
315241
315257
315273
315293
315298
315453
315517
315550
315574
315617
315629
315753
315756
315790
315807
315840
315859
315930
316067
316178
316216
316230
316231
316381
316399
316477
316477
316481
316509
316587
316648
316650
316669
316679
316744
316771
316797
316847
316897
317004
317023
317074
317139
317145
317160
317268
317370
317391
317424
317424
317473
317556
317559
317604
317642
317644
317699
317721
317774
317776
317810
317826
317876
318168
318262
318268
318304
318308
318399
318413
318415
318516
318554
318589
318726
318809
318827
318851
318869
318891
319021
319064
319238
319318
319372
319384
319402
319416
319492
319548
319555
319572
319576
319750
319762
319793
319914
320062
320121
320137
320247
320253
320257
320348
320457
320522
320567
320584
320688
320708
320710
320719
320780
320840
320858
320956
320958
320965
321008
321056
321141
321155
321159
321224
321251
321304
321387
321404
321443
321488
321574
321608
321684
321760
321817
321844
321867
321911
321942
322028
322142
322143
322205
322235
322246
322293
322327
322388
322421
322428
322431
322468
322523
322638
322690
322708
322752
322808
322814
323029
323090
323253
323257
323325
323330
323404
323459
323491
323539
323598
323747
323762
323825
323983
323995
324119
324135
324136
324193
324221
324324
324328
324347
324472
324551
324614
324671
324707
324731
324779
324783
324897
324902
324957
325034
325060
325084
325163
325198
325274
325308
325438
325568
325684
325686
325724
325774
325883
325903
325909
325960
326099
326122
326188
326197
326233
326251
326253
326279
326456
326495
326548
326586
326683
326686
326696
326808
326835
326890
326892
326903
326931
326996
327080
327123
327124
327157
327165
327170
327183
327197
327209
327367
327372
327389
327453
327497
327530
327549
327648
327652
327761
327805
327833
327846
327850
328028
328065
328066
328143
328238
328325
328346
328419
328452
328604
328658
328706
328728
328766
328780
328787
328826
328856
328922
329035
329096
329130
329167
329212
329226
329239
329320
329370
329377
329485
329571
329593
329598
329633
329693
329702
329722
329786
329787
329805
329810
329811
329821
329936
330038
330045
330090
330132
330161
330181
330202
330293
330348
330357
330369
330428
330523
330544
330666
330722
330763
330781
330889
330931
330949
331015
331049
331065
331126
331217
331221
331244
331266
331283
331411
331535
331562
331581
331583
331607
331707
331707
331765
331862
331928
331958
332099
332108
332136
332189
332191
332194
332253
332263
332308
332398
332412
332462
332710
332831
332918
332952
333075
333123
333206
333248
333263
333315
333353
333360
333360
333366
333385
333389
333440
333501
333585
333608
333676
333719
333740
333759
333770
333789
333798
333818
333870
333950
334002
334012
334207
334253
334281
334303
334325
334435
334472
334514
334551
334659
334709
334755
334798
334923
335073
335094
335123
335173
335324
335332
335351
335437
335535
335560
335637
335667
335672
335708
335810
335882
335889
335965
336110
336202
336256
336282
336445
336478
336523
336568
336571
336671
336688
336758
336790
336905
336952
336989
337035
337103
337148
337162
337196
337349
337383
337398
337485
337515
337568
337668
337713
337736
337893
337896
337913
337921
337938
338385
338697
338747
338784
338917
338955
338974
338988
339085
339093
339123
339235
339265
339331
339334
339403
339523
339551
339594
339620
339635
339690
339710
339714
339826
339830
339847
339886
339889
339973
340024
340048
340048
340080
340081
340084
340125
340127
340158
340218
340300
340351
340444
340451
340501
340517
340518
340545
340681
340748
340792
340847
340849
340914
341009
341022
341050
341168
341202
341224
341432
341450
341479
341549
341660
341675
341745
341810
341984
342050
342077
342092
342098
342115
342167
342218
342235
342252
342366
342382
342391
342435
342497
342568
342601
342812
342819
342829
342903
342911
343015
343071
343122
343129
343227
343261
343311
343325
343330
343352
343411
343536
343617
343627
343658
343702
343772
343779
343847
343895
343922
343940
343991
344118
344164
344194
344267
344278
344290
344373
344399
344430
344483
344490
344516
344582
344654
344711
344873
344904
344946
344960
344977
345037
345084
345086
345147
345192
345219
345303
345434
345536
345682
345813
345955
345965
345970
346037
346038
346042
346089
346303
346342
346411
346436
346599
346719
346732
346836
346839
346845
346846
346876
347080
347114
347119
347211
347252
347281
347326
347406
347478
347486
347498
347650
347720
347845
347846
347881
347916
347939
348105
348148
348176
348207
348208
348331
348352
348434
348478
348497
348572
348602
348609
348664
348734
348816
348890
348893
348949
348970
348974
349077
349223
349268
349307
349380
349436
349436
349442
349445
349484
349520
349589
349602
349660
349662
349724
349828
349885
349963
350012
350018
350198
350234
350320
350343
350364
350511
350585
350606
350630
350668
350779
350785
350790
350802
350803
350859
350877
350893
351007
351078
351167
351175
351186
351234
351286
351300
351346
351348
351379
351422
351475
351540
351564
351621
351733
351744
351744
351789
351791
351793
351837
351845
351875
351880
352052
352080
352124
352142
352142
352159
352226
352231
352272
352377
352441
352481
352484
352486
352531
352550
352565
352618
352655
352676
352682
352688
352744
352865
352870
352911
352968
352983
352991
353007
353014
353058
353076
353101
353145
353242
353271
353326
353383
353433
353436
353479
353479
353494
353572
353600
353663
353664
353733
353796
354004
354010
354053
354072
354114
354261
354269
354342
354342
354343
354366
354396
354476
354497
354518
354663
354665
354687
354714
354924
354934
354952
354980
355078
355089
355220
355258
355383
355393
355416
355416
355445
355478
355490
355555
355577
355584
355609
355681
355683
355815
355863
355943
355952
356046
356114
356127
356162
356358
356374
356392
356398
356464
356520
356563
356642
356689
356797
356854
356938
356956
356985
357135
357179
357209
357311
357316
357344
357362
357379
357387
357411
357506
357558
357562
357574
357585
357641
357655
357667
357818
357837
357903
358019
358212
358296
358342
358347
358396
358401
358441
358447
358461
358468
358485
358506
358511
358538
358544
358562
358570
358576
358630
358682
358717
358795
358840
358874
358914
358924
358978
359045
359106
359199
359253
359281
359283
359322
359329
359343
359378
359415
359473
359742
359848
359852
359903
359943
360075
360085
360189
360212
360242
360346
360491
360548
360563
360684
360721
360774
360815
360828
360854
360874
360906
361071
361096
361147
361161
361403
361486
361498
361579
361682
361701
361765
361913
361917
361918
361990
362054
362224
362231
362269
362293
362327
362335
362340
362488
362494
362566
362587
362640
362684
362757
362762
362807
362870
362887
362933
363025
363060
363078
363113
363162
363197
363307
363308
363345
363428
363444
363461
363499
363543
363751
363758
363775
363781
363788
363843
363860
363883
363976
364002
364096
364170
364182
364215
364290
364322
364360
364393
364406
364492
364493
364521
364553
364717
364904
364932
364949
365040
365041
365074
365150
365205
365205
365260
365271
365320
365390
365435
365475
365489
365585
365643
365783
365927
366031
366089
366132
366133
366146
366178
366316
366343
366395
366416
366489
366496
366501
366527
366530
366559
366569
366579
366610
366650
366677
366770
366827
367149
367169
367249
367286
367322
367344
367376
367378
367381
367445
367557
367587
367653
367655
367694
367760
367761
367822
367838
367844
367922
367930
367941
367944
367969
368046
368201
368212
368216
368230
368383
368425
368427
368483
368640
368760
368780
368817
368828
368835
368846
368896
368945
368977
369054
369131
369140
369447
369458
369497
369517
369594
369641
369670
369699
369728
369730
369730
369769
369769
369898
369958
370008
370050
370071
370113
370197
370234
370264
370373
370394
370458
370534
370570
370644
370758
370987
371023
371024
371092
371281
371292
371381
371404
371429
371478
371496
371519
371641
371652
371663
371814
371837
371837
371886
371907
371999
372013
372043
372093
372101
372131
372143
372248
372448
372451
372463
372508
372569
372633
372685
372703
372727
372788
372799
372868
372967
372984
373017
373036
373122
373242
373258
373348
373421
373448
373483
373496
373514
373601
373616
373662
373727
373792
373809
373821
373926
373980
374035
374157
374188
374190
374278
374279
374286
374301
374307
374351
374359
374434
374585
374634
374692
374703
374726
374747
374773
374828
374853
374878
375021
375024
375066
375102
375137
375252
375304
375457
375466
375566
375589
375675
375680
375763
375795
375809
376000
376040
376141
376151
376346
376347
376377
376515
376518
376564
376601
376622
376668
376675
376720
376723
376740
376762
376843
376854
376979
377073
377151
377152
377191
377303
377313
377332
377372
377532
377546
377563
377572
377599
377629
377756
377779
377836
377857
378080
378127
378137
378285
378294
378299
378351
378433
378499
378514
378546
378578
378581
378583
378628
378703
378738
378944
378996
379158
379197
379202
379287
379298
379448
379546
379548
379556
379566
379671
379723
379754
379754
379790
379794
379890
379931
379991
380136
380173
380175
380319
380331
380366
380408
380437
380443
380473
380490
380538
380562
380599
380621
380648
380727
380759
380842
380905
380906
380953
380987
381009
381053
381082
381181
381270
381312
381400
381418
381462
381515
381566
381707
381758
381863
382070
382080
382199
382211
382308
382387
382433
382577
382697
382736
382770
382855
382857
383001
383100
383193
383201
383208
383247
383264
383295
383304
383305
383320
383323
383355
383413
383554
383602
383615
383637
383652
383668
383689
383739
383780
383830
383904
384034
384049
384135
384185
384205
384312
384471
384505
384525
384601
384607
384613
384630
384716
384719
384740
384783
384882
384900
384937
384949
384966
384994
385087
385251
385257
385406
385408
385496
385504
385517
385522
385569
385588
385604
385702
385712
385734
385827
385893
385919
385951
386031
386034
386210
386225
386342
386368
386374
386442
386657
386768
386775
386800
386821
386910
386957
386968
386993
386994
386995
387098
387181
387221
387288
387339
387357
387358
387387
387400
387403
387422
387424
387557
387662
387681
387689
387707
387725
387778
387868
387876
387903
387904
387908
387929
387935
387951
388026
388033
388052
388124
388140
388155
388267
388317
388388
388447
388533
388604
388643
388650
388688
388718
388741
388823
388967
388978
389019
389182
389188
389288
389303
389322
389373
389446
389489
389583
389637
389662
389666
389723
389724
389756
389779
389798
389812
389815
389845
389885
389892
389981
389986
390045
390090
390127
390256
390256
390257
390316
390327
390332
390399
390433
390457
390518
390544
390557
390619
390778
390792
390814
390834
391020
391063
391129
391225
391291
391302
391351
391373
391401
391402
391456
391463
391478
391579
391606
391629
391776
391781
391943
391945
392026
392093
392129
392230
392231
392275
392291
392329
392358
392517
392554
392757
392795
392833
392840
392880
393003
393022
393092
393127
393136
393152
393238
393244
393247
393291
393387
393389
393427
393633
393675
393688
393759
393783
393808
393848
393876
393881
393901
393952
393983
394037
394046
394122
394125
394134
394188
394207
394232
394429
394466
394468
394472
394498
394637
394723
394723
394797
394844
394917
394932
395031
395035
395103
395153
395171
395178
395222
395266
395324
395341
395459
395533
395618
395658
395702
395717
395720
395721
395756
395833
395929
395954
396023
396071
396191
396201
396253
396253
396406
396416
396459
396488
396491
396505
396535
396668
396693
396708
396864
396929
397003
397193
397459
397528
397613
397629
397645
397659
397660
397883
397946
397953
397974
398106
398113
398150
398179
398205
398221
398270
398386
398533
398563
398598
398753
398883
398907
398974
399025
399076
399088
399102
399125
399130
399158
399250
399306
399345
399397
399405
399426
399437
399451
399467
399469
399486
399526
399547
399579
399579
399636
399702
399744
399778
399786
399932
399952
400150
400229
400259
400284
400364
400394
400470
400495
400505
400554
400564
400581
400586
400598
400616
400647
400652
400732
400830
400912
400935
400991
401035
401067
401086
401124
401246
401392
401563
401573
401639
401759
401761
401766
401781
401812
401839
401875
401908
401930
401963
402001
402006
402088
402116
402142
402164
402199
402268
402279
402322
402480
402499
402545
402575
402599
402652
402704
402776
403007
403067
403072
403115
403129
403136
403154
403217
403236
403295
403303
403371
403380
403381
403436
403586
403602
403615
403627
403655
403767
403769
403810
403861
403880
403933
403963
404040
404060
404060
404262
404271
404276
404288
404308
404333
404439
404453
404545
404682
404839
404880
404961
404998
405036
405155
405269
405357
405381
405478
405505
405507
405512
405550
405574
405711
405735
405738
405741
405746
405755
405773
405914
405930
405949
405961
405998
406030
406077
406113
406135
406142
406213
406254
406282
406342
406346
406508
406509
406551
406561
406621
406624
406787
406822
406987
407015
407066
407096
407162
407185
407186
407190
407242
407276
407307
407389
407394
407436
407588
407596
407618
407622
407695
407737
407805
407807
407852
407917
407921
407983
408047
408134
408177
408314
408325
408330
408364
408405
408420
408443
408447
408470
408478
408490
408552
408559
408682
408686
408765
408775
408799
408838
408895
408903
408912
408915
408956
408992
409032
409139
409151
409162
409171
409174
409184
409265
409374
409389
409434
409553
409561
409578
409722
409799
409806
409821
409837
409961
409972
409981
410020
410123
410133
410161
410162
410221
410243
410307
410389
410470
410471
410473
410645
410664
410677
410749
410761
410767
410788
410908
410998
411141
411144
411192
411271
411275
411316
411322
411330
411331
411355
411428
411507
411551
411670
411729
411834
411836
411838
411907
411965
411985
412100
412101
412118
412150
412208
412225
412242
412268
412333
412338
412373
412377
412476
412483
412509
412708
412714
412906
412946
412953
413029
413076
413106
413266
413298
413309
413397
413458
413465
413488
413523
413550
413554
413562
413565
413636
413653
413691
413706
413724
413737
413755
413765
413843
413852
413947
414088
414162
414205
414237
414240
414329
414360
414462
414534
414538
414584
414609
414648
414683
414801
414892
415058
415096
415179
415203
415227
415273
415299
415310
415428
415431
415456
415466
415556
415571
415650
415679
415692
415763
415784
415784
415847
415853
415873
415899
415920
415938
416040
416071
416128
416182
416228
416243
416331
416355
416491
416497
416502
416533
416600
416626
416683
416838
416875
416906
416921
417006
417106
417161
417213
417221
417238
417270
417277
417527
417706
417719
417771
417774
417782
417827
417900
417923
417941
417991
418010
418060
418147
418166
418173
418183
418201
418221
418274
418345
418356
418397
418432
418464
418620
418835
418891
418892
418898
418965
418975
419003
419061
419065
419254
419270
419507
419635
419724
419851
419915
420021
420056
420063
420071
420128
420132
420149
420193
420223
420316
420620
420638
420664
420728
420762
420766
420806
420904
420946
421028
421044
421062
421088
421098
421236
421270
421275
421414
421462
421559
421567
421591
421598
421601
421686
421792
421904
422132
422225
422238
422320
422431
422458
422475
422704
422726
422734
422900
422932
422979
423052
423176
423182
423239
423258
423325
423466
423527
423548
423608
423610
423650
423820
423840
423852
424023
424099
424122
424136
424172
424178
424251
424268
424320
424391
424433
424588
424589
424642
424687
424827
424852
424857
424894
425001
425008
425064
425071
425135
425196
425198
425230
425282
425288
425404
425405
425477
425486
425597
425606
425625
425704
425774
425816
425881
426081
426115
426173
426229
426253
426314
426405
426477
426577
426585
426603
426623
426625
426660
426686
426718
426725
426762
426769
426773
426852
426936
426950
426954
426984
427029
427044
427049
427115
427166
427169
427253
427430
427588
427661
427774
427836
427853
428064
428162
428179
428191
428297
428313
428494
428498
428504
428508
428546
428654
428654
428669
428715
428720
428738
428739
428758
428819
428909
428919
428942
428976
429005
429015
429038
429108
429111
429191
429193
429208
429214
429228
429246
429249
429254
429257
429292
429308
429339
429363
429388
429388
429388
429435
429504
429662
429669
429762
429771
429790
429845
429852
429942
429960
429995
430046
430132
430170
430182
430253
430276
430279
430407
430449
430469
430551
430595
430620
430634
430640
430695
430749
430813
430819
430843
430844
430850
430852
430974
430977
431008
431013
431173
431209
431229
431371
431379
431529
431578
431786
431794
431924
431980
431987
432097
432098
432151
432203
432211
432307
432312
432379
432394
432431
432431
432443
432568
432615
432639
432710
432745
432794
432811
432847
432890
432931
432956
432961
433042
433089
433132
433151
433159
433179
433208
433255
433402
433415
433425
433460
433468
433528
433622
433660
433720
433772
433969
434094
434106
434118
434151
434155
434220
434246
434282
434292
434339
434397
434536
434714
434758
434816
434833
434855
434888
434897
434951
435055
435067
435072
435108
435137
435159
435293
435389
435409
435438
435478
435497
435547
435550
435574
435596
435598
435619
435687
435760
435790
435841
435865
435916
435938
436021
436024
436065
436138
436142
436342
436383
436387
436422
436444
436459
436491
436625
436671
436690
436714
436756
436756
436758
436764
436804
436818
436849
436854
437065
437079
437102
437107
437123
437235
437281
437311
437345
437370
437415
437429
437500
437572
437623
437708
437749
437849
437905
437911
437947
437973
438002
438057
438096
438105
438115
438145
438158
438288
438308
438357
438382
438426
438474
438511
438597
438628
438634
438672
438827
439040
439149
439175
439226
439237
439311
439317
439317
439419
439429
439486
439515
439519
439570
439609
439687
439729
439735
439740
439762
439797
439805
439841
439972
440054
440069
440125
440179
440181
440190
440192
440220
440256
440287
440290
440311
440375
440403
440404
440440
440600
440604
440645
440656
440658
440663
440716
440729
440763
440772
440846
440850
440909
440915
440918
440942
440951
440959
440990
441031
441037
441057
441120
441191
441219
441253
441271
441281
441317
441344
441374
441390
441403
441460
441498
441549
441664
441835
441882
441951
441976
441989
442004
442080
442192
442227
442252
442255
442300
442545
442591
442661
442694
442706
442777
442791
442851
442887
442890
442979
443038
443040
443046
443281
443327
443392
443402
443466
443489
443530
443583
443647
443676
443740
443865
443906
444053
444077
444105
444141
444303
444307
444479
444721
444757
444885
444893
444894
445001
445002
445083
445119
445162
445192
445196
445252
445280
445281
445352
445381
445470
445533
445572
445624
445642
445666
445734
445741
445754
445777
445877
446147
446312
446321
446322
446337
446410
446517
446548
446640
446731
446761
446770
446775
447001
447084
447109
447150
447162
447221
447267
447293
447308
447342
447424
447511
447576
447597
447636
447693
447708
447709
447727
447734
447757
447787
447847
447966
447978
447999
448033
448039
448146
448195
448253
448253
448254
448263
448292
448395
448458
448503
448627
448636
448888
448899
448971
449144
449266
449302
449328
449394
449450
449454
449463
449466
449469
449520
449526
449556
449571
449575
449657
449674
449680
449700
449715
449741
449784
449877
449899
449911
449915
449921
449966
450057
450081
450112
450130
450177
450274
450428
450455
450489
450786
450857
450882
450913
450921
451094
451116
451129
451129
451165
451180
451212
451251
451286
451314
451356
451408
451478
451508
451611
451696
451701
451821
451843
451905
451992
451992
451997
452012
452098
452104
452351
452414
452512
452545
452626
452629
452695
452789
452858
452914
452924
452951
452980
452999
453089
453173
453254
453275
453387
453408
453546
453591
453605
453618
453640
453666
453667
453739
453962
454018
454065
454134
454138
454235
454354
454429
454569
454583
454744
454765
454855
455078
455094
455144
455151
455177
455204
455239
455244
455292
455348
455358
455461
455523
455558
455563
455572
455726
455735
455782
455810
456029
456031
456050
456094
456206
456213
456373
456377
456384
456422
456432
456435
456441
456638
456694
456893
456906
456920
456948
456979
457015
457066
457115
457200
457340
457398
457482
457494
457565
457602
457734
457972
458093
458139
458180
458200
458394
458500
458500
458508
458523
458612
458618
458644
458648
458693
458780
458783
458932
458937
458951
458956
459089
459100
459142
459162
459245
459254
459342
459348
459377
459398
459426
459500
459506
459748
459764
459891
459902
459934
460034
460173
460179
460227
460240
460267
460271
460299
460301
460333
460371
460404
460465
460472
460529
460541
460665
460677
460688
460703
460709
460745
460750
460764
460830
460932
460938
460953
460999
461002
461032
461081
461109
461147
461199
461221
461256
461268
461405
461437
461486
461546
461634
461682
461695
461712
461745
461776
461786
461799
461801
461903
461939
461981
462007
462055
462077
462101
462180
462272
462300
462306
462334
462356
462386
462389
462422
462521
462538
462571
462592
462655
462663
462686
462792
462812
462889
462890
462897
462904
463013
463241
463244
463288
463476
463517
463532
463591
463593
463642
463656
463675
463688
463747
463877
463923
463971
464042
464116
464116
464118
464194
464229
464272
464362
464382
464435
464526
464547
464600
464616
464619
464652
464719
464836
464906
464911
464916
464940
464999
465005
465072
465117
465140
465160
465207
465236
465247
465247
465453
465565
465579
465601
465601
465651
465691
465788
465797
465841
465844
465983
466035
466066
466082
466082
466098
466258
466280
466296
466367
466389
466403
466538
466572
466601
466615
466624
466629
466706
466827
466834
466843
466923
466957
466988
467019
467058
467145
467150
467244
467301
467319
467330
467393
467417
467536
467551
467576
467595
467614
467633
467754
467757
467764
467822
467866
467886
467938
467944
467946
467987
468005
468115
468131
468152
468174
468177
468243
468282
468282
468359
468429
468493
468530
468604
468763
468819
468862
468887
468919
468922
469031
469085
469090
469111
469146
469249
469288
469291
469349
469377
469504
469514
469545
469681
469709
469869
469884
469923
469925
470008
470009
470009
470139
470142
470145
470196
470209
470247
470351
470399
470431
470573
470662
470789
470794
470808
470867
470969
470977
470984
471065
471135
471144
471160
471218
471281
471292
471314
471370
471397
471403
471429
471473
471541
471587
471606
471608
471749
471807
471831
471899
471905
471905
471954
472058
472092
472102
472104
472114
472131
472212
472347
472398
472430
472486
472500
472577
472698
472774
472873
472878
472958
473012
473161
473169
473172
473233
473343
473359
473378
473407
473429
473499
473522
473532
473540
473576
473583
473639
473688
473696
473726
473862
473955
473981
473992
474006
474072
474141
474164
474202
474206
474239
474266
474278
474319
474351
474445
474454
474488
474530
474537
474538
474570
474595
474627
474635
474676
474681
474779
474793
474811
474813
474857
474870
474909
474939
474993
475079
475089
475098
475107
475238
475264
475269
475343
475493
475505
475512
475596
475644
475651
475708
475734
475798
475893
475893
475897
475905
475964
475968
476007
476020
476047
476120
476132
476182
476191
476227
476281
476373
476403
476409
476555
476592
476609
476629
476691
476748
476767
476767
476774
477071
477143
477190
477250
477252
477311
477353
477358
477384
477412
477455
477474
477491
477500
477656
477730
477796
477806
477860
477971
478042
478056
478138
478153
478196
478206
478210
478228
478254
478276
478322
478326
478477
478503
478631
478665
478673
478686
478694
478710
478748
478799
478852
478860
478865
478879
478887
478897
478964
478986
478991
479347
479538
479552
479553
479567
479628
479741
479748
479756
479769
479808
479903
479912
479913
479953
479977
480074
480162
480195
480300
480328
480368
480373
480396
480414
480416
480426
480475
480500
480545
480578
480711
480716
480762
480766
480766
480786
480843
480971
481001
481112
481155
481253
481299
481332
481391
481417
481444
481448
481463
481530
481531
481546
481620
481692
481727
481774
481821
481855
481874
481927
481977
481986
481996
482086
482103
482110
482192
482199
482277
482287
482385
482415
482464
482507
482526
482641
482648
482725
482785
482874
482892
482917
482944
483010
483047
483071
483083
483238
483279
483344
483445
483445
483457
483520
483629
483640
483688
483803
483810
483892
483917
483959
484020
484075
484081
484107
484122
484214
484275
484290
484295
484332
484355
484388
484430
484448
484529
484677
484729
484796
484811
484820
484884
484983
484995
485104
485195
485281
485316
485364
485397
485461
485557
485600
485608
485617
485628
485664
485667
485683
485738
485741
485760
485787
485802
485811
485818
485821
485825
485850
485858
485905
485945
485982
486005
486095
486104
486178
486291
486296
486315
486440
486493
486509
486538
486564
486690
486766
486871
486887
486900
486906
486965
486973
486996
487030
487068
487069
487071
487089
487121
487121
487177
487196
487199
487205
487278
487285
487300
487336
487486
487492
487514
487559
487594
487681
487681
487736
487743
487746
487782
487790
487807
487883
487894
487904
487914
487930
487941
488019
488052
488056
488059
488129
488196
488272
488360
488365
488390
488520
488587
488666
488990
489009
489013
489030
489237
489250
489269
489275
489294
489323
489352
489478
489502
489606
489648
489661
489707
489736
489824
489933
490023
490054
490076
490272
490329
490351
490374
490388
490388
490423
490458
490461
490512
490544
490556
490572
490578
490703
490738
490754
490755
490824
490825
490851
490856
490899
490910
490936
490985
491046
491077
491100
491204
491226
491240
491280
491371
491398
491441
491451
491554
491611
491642
491731
491840
492095
492169
492234
492240
492251
492311
492324
492369
492379
492674
492773
492834
492843
492951
492962
492995
493185
493230
493243
493319
493365
493378
493402
493416
493443
493491
493564
493607
493612
493649
493761
493792
493844
493936
494021
494099
494304
494368
494425
494505
494536
494540
494586
494677
494685
494703
494738
494811
494936
494966
495003
495114
495174
495197
495199
495245
495253
495300
495356
495378
495387
495435
495496
495498
495537
495658
495709
495813
495819
495883
495907
495967
495979
495997
496130
496271
496329
496332
496364
496370
496440
496531
496542
496645
496880
496886
496901
496912
497006
497091
497133
497185
497214
497218
497242
497267
497294
497344
497347
497391
497400
497434
497443
497619
497732
497753
497815
497888
497931
497943
497996
498054
498076
498156
498234
498239
498316
498374
498385
498430
498618
498681
498687
498694
498898
498904
498922
498976
499103
499219
499267
499292
499292
499294
499296
499403
499528
499578
499648
499742
499825
499913
499940
499996