430728
48939
28939
46605
491571
245342
304833
364424
170314
289122
186615
325641
323331
123615
97178
473578
494155
102232
261430
241928
111290
86699
275021
172879
155783
43669
371048
135760
226224
91598
395101
113600
404431
282903
380623
289402
235293
177241
328717
38517
12483
68843
124811
359825
354214
6647
34290
296392
127445
313790
262681
218664
121273
237805
241957
426199
89395
113392
239046
449724
465066
388633
2805
310611
81400
175623
271473
88146
435578
491680
412598
297860
190748
56104
130951
454427
297386
232517
494796
140028
97556
48192
173922
167317
14633
297054
449956
373397
196500
70058
176768
259924
278032
193612
409422
466928
46087
495437
352177
143493
485259
474739
384444
207318
339298
8125
325409
170483
894
54644
395142
91135
190923
181497
95460
221632
133370
231906
225293
379166
148483
173142
47431
496212
180772
390299
222366
120082
48300
76214
168701
34200
187460
318537
401316
143251
314105
289242
52986
2929
299933
295624
410896
308675
250777
397963
388641
130891
479161
112081
352510
281879
397992
390544
479008
43123
239255
332321
18719
168273
150702
163798
205942
57554
383729
210532
5253
129835
344027
297409
220539
25559
478120
69501
116468
244515
387265
447188
147525
392017
240682
370765
494377
317169
399335
141839
289143
480652
352336
394511
287617
87300
427307
85936
406907
443747
303396
468627
392123
255934
52308
438585
403838
439314
305608
14395
472605
69298
273356
182074
109417
467167
3813
341333
22593
438699
377835
112404
339415
435285
28380
217493
146014
140179
28607
37323
93632
261274
185971
490709
399362
189302
413012
353108
51716
137042
387984
405337
420780
70304
236988
276359
440046
216890
478765
448338
489729
119543
357678
358792
465341
41182
86273
425116
37192
333162
224835
99305
15478
99396
471710
408836
292638
358141
67577
390832
243093
491729
118873
179873
134789
353734
125956
476252
16222
45389
479255
304333
163149
20321
23037
51668
397549
379567
163370
190861
185760
224373
14299
236513
85525
198012
170785
490479
184780
349267
212471
389956
63294
341549
80466
52052
459458
71129
107031
26729
195592
228630
375402
108015
176454
141917
234621
136623
23096
14640
102545
98714
373889
474837
322530
37245
111352
168228
177992
374848
936
175899
481819
101623
205198
208010
296467
122067
373051
352872
468757
19209
294618
221028
379272
417110
487326
246598
298705
430568
217759
208610
380248
391027
278838
116320
142839
413901
476876
173101
452542
119926
137982
320018
156078
497988
261318
417287
357661
466346
27922
496868
444498
126758
82792
348589
9496
27811
177048
84224
458124
191716
82022
52828
135813
423735
22441
74507
341292
2189
242511
229743
65443
328178
470041
167527
34732
282115
80861
432241
100104
454087
167666
246081
236978
75039
239970
260935
437885
179456
147193
188138
32643
365341
235011
495981
450748
32701
158181
212728
171233
146732
375443
28352
90487
234798
443164
331859
292356
240075
354809
394256
458870
299704
260145
456793
374576
152836
26352
474741
463750
182912
297097
118458
95575
178521
211171
243601
2846
113444
8414
31636
296396
490539
334572
466419
201700
26887
54559
215428
441731
71883
376982
234401
234054
489399
80513
403988
383457
213832
84868
415683
103548
348661
85705
44110
354429
54788
119883
44580
493253
8303
328706
318013
223275
185258
132924
3831
312621
144550
42726
372993
276294
399199
273136
18267
320215
215493
198664
260811
90345
452003
410316
308889
417694
33297
177496
54144
149176
300037
115696
229219
432279
234014
455493
370232
131609
452644
1311
42293
229916
96023
356798
140887
155581
174400
417795
478147
297945
436813
40463
26568
41381
383519
217916
222812
308207
149406
58593
435416
49001
209038
481551
452873
388012
394327
143634
200531
397447
473359
451439
449492
443705
92302
455193
454433
254143
94530
49803
82950
141639
255118
47019
157376
475477
358347
104719
310601
97316
190991
359019
464692
311623
273465
275061
448786
268469
347259
202568
284371
70571
138672
255934
396708
265309
245362
111282
445612
357771
470609
29066
221750
357957
496029
49538
13756
486270
137602
488248
352491
489369
301120
155245
264696
289220
289844
170550
307427
161262
175871
64277
59562
46494
31249
496170
65029
437083
174327
348891
183638
291098
397179
290003
246235
322122
451016
331619
390368
24651
194215
350442
403904
196699
74782
203965
436056
224753
110870
132551
456302
175161
297633
34408
221897
256803
77614
471852
326770
163369
410709
413988
94621
146177
190069
353200
389608
107512
340859
357574
222675
131787
468829
397568
454392
30070
183900
110104
276249
141171
264234
157345
66124
35424
407094
261985
125635
463040
452521
184352
471153
268205
243565
62355
165120
205525
272445
236209
148872
126752
401991
402668
354728
151300
456780
486093
429811
230999
81728
186912
388843
94140
128445
270850
142492
234883
203271
2094
299472
444687
177324
30059
416501
173673
236055
12423
192270
277631
197071
327062
446052
218557
121964
441040
4180
272690
311856
263763
230915
422259
476755
452271
332006
317809
134513
61864
90749
306608
272449
489255
329290
29703
124105
435672
111348
310009
465354
226940
191652
19998
467448
386363
60497
94299
370611
465058
456212
379876
127382
346854
398191
303925
197338
228005
307994
491401
88529
205555
69445
334144
451119
183066
412492
159810
396779
21889
472631
419262
473356
216809
190237
366380
60830
482188
225791
204439
198605
293444
283265
366580
392439
426929
377122
298375
267807
19807
376823
357882
369446
445604
472522
344295
418649
5313
40317
185898
479971
184551
435310
35958
408532
243426
211403
254995
98654
447876
240653
400070
192309
3725
193959
24724
394485
266477
279931
186838
426913
418992
172155
19492
24961
309691
181205
304318
104441
353146
260964
40453
448067
193786
123829
316500
353362
75443
442396
457244
295196
162662
240509
237522
29570
15332
250882
325810
425043
435120
222459
417555
388645
449919
172306
82187
401349
59689
195502
78598
495029
243487
393015
285902
133469
446948
457436
35353
319039
323947
150394
383900
446369
112661
381973
404289
476877
441275
483384
108546
18430
353380
371842
226329
170995
458029
8296
180616
426388
320461
77673
168635
496127
325412
119369
274730
134717
276484
317855
421231
259515
207004
52256
9204
458190
281885
142667
315999
425593
178787
2148
252468
473050
425764
439009
245940
486022
316842
369773
362729
372443
163943
285855
303115
227586
281444
391209
390869
226095
255524
379024
474728
449627
426616
217016
212069
211619
207299
83251
345761
197687
202601
233959
130360
419721
116479
285124
45724
121584
199203
466935
252916
444920
358503
390766
444256
258659
220482
413185
178949
333106
12952
97466
150078
178352
386565
210155
191835
139572
204717
332649
166321
377322
301973
53647
371818
310192
99163
158288
284638
423244
394710
201233
364364
464782
207296
120850
400846
294825
464506
294168
231096
429230
95419
42922
338321
457791
281043
356004
278996
59398
380348
66120
356426
22185
456681
117929
27324
381354
267007
35590
127653
229822
488964
287511
83363
244288
366738
263697
238446
101383
129410
432889
222479
190120
258846
115895
111300
230887
440058
277439
176058
138048
216530
394907
388467
497038
478373
366942
179885
419457
28067
207400
425169
152867
280219
478732
418327
386696
476107
50110
163824
423233
470689
162080
373105
9980
328238
104650
101431
263374
140718
212222
156235
359574
447298
81968
459411
438249
381174
283560
367755
181404
315307
94587
83870
338717
409004
110930
107950
322437
49832
239678
57651
2686
90653
294915
273278
439614
144071
105718
199830
91982
163519
411173
246129
19546
350184
81419
218597
74627
57547
28892
448233
82123
31548
363628
161537
207488
199823
283491
164731
7890
460419
10838
88483
422545
477318
333115
454151
306635
243622
407693
449120
53137
269822
194867
155940
233177
401476
336556
134991
206668
350983
248322
424543
330613
69984
149473
76830
490855
127754
309826
117916
449368
290068
45674
488722
156534
353369
490558
46952
394733
498705
274955
331128
434655
398746
229959
200896
87965
46946
336821
342937
496873
55546
299199
434944
252203
154499
154120
431368
452839
2854
428015
200193
245009
214526
425711
308769
146876
248983
253167
265044
408934
167418
346121
64307
405095
161323
123529
182719
280829
170612
58109
193632
220515
458029
421789
7183
284372
202307
67328
37654
332119
433506
30953
455988
85429
465813
178328
4782
411404
269496
175061
90835
91352
427322
166616
457641
413029
7384
446126
400321
437291
143668
177527
389954
157145
28171
32268
301674
56346
12650
446046
260205
170607
427366
481245
415474
13548
121473
156053
295961
287296
481457
402205
490097
267579
30019
202065
181813
289805
6223
488614
406514
297616
67471
2797
303013
292177
366917
6596
84231
83073
22279
97901
492197
190957
303413
320455
476681
101006
379020
163198
137978
150252
237774
61284
64583
178391
387173
38669
166885
210609
392222
45027
427084
285837
287278
426714
264076
209739
294188
224623
193174
257117
197512
295920
401433
475936
281147
440612
171171
400258
187256
282693
296172
35276
183102
115215
421492
428796
174603
464519
121281
35691
68348
259441
235371
297166
49912
163420
376551
65566
296782
108613
82442
150356
238821
200471
197910
150854
384347
111079
485528
53205
482243
350336
285597
224454
477943
430164
161835
7293
394250
284841
89140
31505
91276
314499
218672
435671
135019
108604
381460
119952
387235
109027
350411
118102
151348
79038
253551
307421
285648
346914
43950
419189
82767
492511
473398
11540
129415
328485
241428
291773
154283
119211
214267
482796
484848
282146
225957
336166
486999
295206
388455
388460
385672
245271
485637
142235
439079
174147
448059
319140
250493
32110
167922
161610
346804
216480
262970
480032
366660
107255
487718
238037
200672
499023
317844
64612
97158
180394
138763
293481
48307
193846
423363
200905
319139
299154
141916
467076
77721
291117
7893
222726
437699
78906
216159
417827
83727
433945
330286
262062
411844
482662
367141
390625
31142
34991
65598
198071
23201
158904
127741
402372
286320
228467
297010
140790
394291
177212
422540
187839
475944
219625
291094
393980
229483
29005
132761
198070
366276
418772
302993
279721
323825
341350
58265
262044
416290
429147
248780
383626
497580
128043
331706
69599
294194
471957
62055
151565
230947
167822
22118
71997
399459
121804
99140
382517
413805
185995
46909
193972
289598
311524
134131
179496
285774
81582
454270
32626
408910
59577
12279
363083
265949
443088
455759
113763
304768
490205
484791
418552
451722
34406
37000
131274
318367
442873
236859
93039
430094
342953
44621
357024
204448
439166
414931
267768
415228
58340
373586
96597
113103
456569
105442
286466
471084
159250
439266
383025
200981
376597
207136
43264
435177
340148
360475
95724
28112
26522
41894
285313
132322
189644
100184
455780
12931
189604
182929
34948
444769
32426
388650
210446
201089
245714
184042
232016
104075
465922
145979
60590
346649
310591
296954
427856
78823
216395
313576
364835
177214
224505
320600
130381
347259
325630
215103
497318
93632
243867
390787
59851
89414
415346
20958
184025
391545
16982
446013
277718
34286
140919
479412
237048
383354
398131
304406
297954
424511
105029
436476
73922
403556
497954
329203
5204
42644
358722
28419
481571
59256
2041
31146
307788
255407
440715
210581
489943
196296
291784
475025
18505
320923
64903
9553
391422
498451
67357
377580
401333
249883
267848
79168
187578
295866
313205
364253
198888
194159
102481
204487
84508
446620
4178
163451
216613
439991
19096
423771
469952
100427
403550
164598
295157
440668
428851
142461
268614
167723
96848
214080
103386
252075
206181
339895
72131
404975
214303
121872
55259
388933
2955
249998
275337
495665
376723
180006
116303
76326
180556
268790
38786
491374
362632
46884
136433
335514
69429
188437
125025
368133
303366
309455
403017
322013
447174
21274
78399
323255
483882
163733
442873
122527
125000
66747
308041
52942
156163
74705
285073
481855
322540
82391
409998
401028
285918
29027
321362
155571
418334
103137
438762
460761
481145
89361
117131
67760
83334
402170
438359
98715
137547
498059
397491
249854
279148
112160
269016
227702
120062
348509
447930
428988
133166
475748
398103
348257
443326
331790
125551
425233
105269
95243
376716
208273
193550
496028
21770
182364
212707
131749
212551
28408
401484
138359
394466
99532
254883
33477
109296
41523
241083
55071
433580
290655
30798
218106
436669
142879
441527
463475
124583
143297
35782
85653
62261
297495
316198
469100
392758
249978
478278
69990
163856
53380
380729
356054
413431
463152
226926
282021
242801
202689
64198
118507
380981
474502
122756
29256
220228
441734
302727
287542
296330
234259
400713
249347
277684
187813
331939
259207
354766
486723
313451
132930
214176
85241
49174
193744
303914
31519
493909
318486
323793
495820
215473
392336
394650
406990
205911
184481
464755
189354
381300
226176
350092
341556
319257
253983
128296
33078
205774
272152
243638
267166
275415
354749
109807
290482
296705
491432
422741
493249
122657
265417
430162
473178
235549
285226
473522
183583
188106
269875
39926
153166
274015
162084
368875
59693
417157
274703
427243
434639
237650
418478
31828
237270
441924
418658
256534
192819
447832
273275
163909
229831
32276
331997
344855
448999
361667
235799
27435
108782
80378
459007
56827
217621
64532
372285
483235
359184
386640
344007
378178
88589
127034
490710
442954
444715
402730
356425
350187
131223
211171
27273
103936
227405
320531
174455
340942
283862
308595
340220
375328
461874
23952
265762
139580
50059
282446
433013
356139
167134
79392
337672
398543
460380
176140
295188
429702
349754
205298
192786
337778
313917
94253
485107
485986
221111
104115
386499
420389
491754
449535
495595
235194
242695
314093
219033
395342
331513
229427
213527
240876
401521
198820
143821
246568
222389
53941
288729
347959
472103
312323
175637
341687
438191
64677
243083
63962
467086
357983
61756
437916
426617
318514
88164
469640
84458
420489
493189
45704
300260
219056
399603
441076
125627
323641
153034
63437
238220
301895
388097
208177
156165
172396
259261
248160
311253
183310
410159
239824
25509
111332
320468
442309
157879
191999
12732
195902
92046
292112
345866
154385
404052
315826
319268
107555
497490
272767
245048
287221
95366
440300
349675
330734
111082
51975
160442
83704
160622
11661
382486
32241
18589
18650
56973
65513
357402
256844
339443
102278
332090
181135
115786
233015
497835
6229
386097
422752
179443
298642
74081
123763
488804
33940
57311
220145
10841
84045
114457
441011
65315
437370
160243
279577
147980
180976
277702
476893
372412
374962
125985
212189
292039
43756
39860
216180
116324
100275
417455
367839
245414
157692
201742
661
82788
163095
119099
295402
315963
398401
224757
63974
215033
413652
186367
164668
222441
406838
471191
104056
378772
376970
202764
424593
205447
248531
183007
306739
79716
267018
343016
197285
83142
66795
10749
201942
413496
352548
388725
470863
191650
113524
247141
376098
305005
343483
157575
134812
495877
149878
5671
481514
452003
414515
166453
432173
376550
306703
84200
172687
259012
202003
442854
448932
213765
236127
403104
92910
99499
318297
318627
436848
132562
57585
81075
268833
284265
498970
330145
206868
87560
484898
388564
128117
3848
77685
493678
271020
484624
256118
268394
355995
453195
356954
365991
431934
303160
411245
82936
203381
310198
388799
110118
102852
86422
156951
47577
156836
245186
249507
16820
250578
48250
340144
327100
416390
98982
27041
459450
169162
421872
123182
438648
189302
149382
418854
75856
472188
263795
481928
468436
65463
433964
433804
329292
239400
329654
465019
233167
395509
283536
245081
19831
269839
232086
2857
35473
202780
173113
212778
464076
371656
257989
183791
150316
132666
497773
65784
194166
449833
441726
38224
414587
422442
81638
284668
375613
189702
138826
230404
382409
28204
398798
222847
126224
483706
350760
98927
208278
407464
262395
371748
424110
285178
494500
351834
111072
344680
140310
109758
82983
281846
432135
154165
443491
250757
339374
32887
494056
438550
434367
242668
159122
98457
485429
251522
70619
422825
65551
63773
456329
333231
465152
390171
259286
438511
391891
222011
138080
325821
460161
46429
13720
461018
282042
116723
118424
233535
282322
394079
481815
397834
410856
447474
437295
209227
497066
281002
257010
418488
321522
476365
262034
190089
5432
371400
311134
367410
250296
101675
191872
388375
214885
283797
80943
59181
128345
58975
183438
183766
133633
476783
393198
5651
35054
67865
359738
142191
6338
170256
226489
117165
85682
320787
332096
357012
373995
114918
293489
168248
215471
314219
485069
190746
430370
74467
121379
404923
91057
221006
221236
367157
239915
280659
441339
189686
216714
125387
458665
15261
458167
199105
62376
336457
223432
79648
386052
109147
489784
114051
187646
88854
184017
467076
482808
173470
232728
83627
243914
363783
243482
284728
425367
417173
57090
226803
204382
240313
165322
238947
482297
298229
463717
468318
481606
56895
288504
497811
386683
273783
304708
302128
244044
399727
220773
67844
319216
231986
161858
418431
148239
492263
269940
267395
62201
411680
120472
355503
8162
220351
48202
182444
44225
414917
376156
48576
52658
179041
14150
351192
113342
291430
201058
152106
440328
283969
191825
100475
194661
233948
344288
371150
178354
458068
352598
138522
329856
81643
10628
121840
411059
375016
305988
22778
108639
460329
18273
236131
63794
70010
327196
215253
448988
205990
29688
217055
196281
111808
274749
331661
38960
5923
319986
302215
433815
285547
394952
230563
312696
279222
445408
73541
327691
302421
56613
289136
205245
46605
349563
290530
40673
320597
381095
161355
486951
365669
212725
409422
359378
81231
46062
104169
321896
225742
254304
299760
357904
337331
230857
346952
100581
194471
476844
91073
366784
218860
104098
368729
257460
375800
140887
48054
78406
481561
123024
481431
227865
395965
264999
179524
18504
138296
464054
403703
89465
24145
352020
355369
111167
45252
98737
257858
367197
90257
442414
385782
495785
257664
296434
5404
277365
210162
248450
348317
389878
47604
146037
289580
332289
483659
236018
142267
232993
303135
234354
268944
49777
281457
299874
71363
98717
284743
361575
145970
74541
425997
225264
353718
285252
313586
159205
453667
186908
222852
236869
85800
431461
368770
425874
34768
394533
60302
82625
479212
68703
292255
72095
212665
301914
317750
439708
201827
259738
454495
419917
256569
480297
3680
306668
218894
166971
175824
194972
319469
367894
378027
254732
38531
80552
421630
189976
369581
153510
9489
133938
114657
317754
8960
40585
136678
420962
271668
302181
395717
370684
156850
492721
350507
310746
52922
437463
226175
57482
401303
138988
76548
31133
318691
303210
244521
472298
14365
407838
115796
58214
123152
104460
493164
168251
257610
366490
478943
344118
185447
53549
153992
177387
188125
321247
42790
470485
18875
46965
46650
459331
488639
210875
178590
116331
45443
469470
225219
437696
39154
332793
400498
446906
38161
350821
170474
281077
438559
328466
49551
275523
327860
316641
458645
368968
261586
201348
140875
391353
133564
82774
380163
381873
30973
355873
409549
317832
429266
158102
264396
397724
178377
332528
99007
193803
57060
132529
412668
243828
418828
233291
357965
349175
206494
397216
393615
295958
466538
297684
256712
80076
153446
94434
160718
149466
50561
187156
142873
466272
297508
363805
208772
43281
179868
258442
472720
426790
392335
407572
137981
184860
109487
372695
214169
456747
297938
19113
477966
92908
446473
372067
419248
304489
277213
22323
126791
130273
355142
401220
190575
257843
335387
304747
316265
150561
497912
148466
31790
19477
242784
143188
15879
201166
446027
346080
290891
55663
86107
402334
241955
349119
17659
306518
482725
93992
58467
234238
286049
472680
345318
109111
388831
167428
450634
328314
299107
182793
416148
247430
158939
235619
149469
438386
271346
234156
102803
242479
382709
62153
32826
81830
62696
378763
216165
114431
440726
201609
125523
385428
20637
389453
167409
194851
110844
179750
158625
362386
475609
58364
70104
293940
378234
453206
47055
266637
155546
12425
341492
370257
264428
73869
413458
178212
180204
487977
45655
489721
128371
344295
116606
31415
70141
370089
116903
379057
228715
149895
81200
353167
312373
161642
429439
259085
336986
491338
42784
467421
319129
376947
255835
175050
352778
282355
287317
319451
130671
403520
189326
191998
321250
165457
33635
390086
293102
293590
2994
311404
74150
355901
66303
257458
203588
432050
43928
196155
162396
266917
5564
191078
217297
123707
395382
492021
447399
169706
206623
210264
304825
473537
444238
133549
306202
266954
172130
76301
194331
404133
290912
297301
424973
435731
6501
426907
102873
395162
491790
356014
160426
187164
265491
463634
38739
155606
205877
365430
470691
490583
254746
167602
459720
403647
450410
280984
409557
203799
366528
131787
140257
351927
111457
313491
212614
331148
367781
4531
165666
452285
308030
272106
117321
438572
96008
163812
18073
51601
58277
455418
164393
232156
222016
176622
4763
297016
364240
426955
185497
8304
148007
208988
417385
201503
226913
192674
231330
1490
203221
413299
183061
183355
274335
193686
229331
284892
410707
157100
196675
483486
57443
225400
406466
251074
373799
324685
418178
188997
15554
114774
26790
259340
960
25668
129888
52029
392221
444664
118822
428934
317618
494209
70582
380519
269905
59359
132097
400368
98586
390310
369180
94192
194967
160656
414830
301883
37807
21443
149381
304798
372998
342397
212957
41525
356861
105727
104895
240714
123258
297253
82807
206613
400283
381634
301413
372687
312306
120193
102708
294427
98867
266230
369714
320898
353135
418257
314085
276513
262022
168199
95803
269360
113571
423994
436877
68836
168735
295566
400283
304247
433915
78328
44527
426582
269440
114849
475773
448505
62214
119940
53533
151261
220425
382017
102614
166832
123074
191777
262048
347213
72496
441631
458308
4936
418127
430421
492682
424772
298757
490612
450173
102233
325132
77387
176300
214918
415055
359739
105910
24544
211918
182574
300752
348836
410699
101688
341255
305097
21154
377290
482705
252912
130841
324995
490911
310795
237954
341031
319654
433217
148520
85415
177334
58869
179438
400308
166990
120210
45452
412341
463179
274091
259174
436991
308906
21331
108263
311077
479640
363440
355863
179913
206774
180015
20123
66598
377383
13467
193927
349284
180643
176813
15156
309210
176189
432485
3008
114641
4802
230394
375
268608
418830
156968
234552
490850
48159
420132
361662
353807
322184
21923
17083
186170
445658
33543
343133
413887
295977
82343
1444
400969
199197
449497
483202
241908
401979
185623
439163
178193
384322
310409
218010
101506
376983
221337
221730
361757
185199
67415
442045
259938
456536
3268
26883
222248
258790
37974
46285
131068
498961
341104
6389
276747
209131
106171
311712
14998
73553
99429
299189
258377
386635
43570
445075
454385
275187
253328
429359
347958
288749
422806
79788
46781
236991
93263
317828
477269
157233
47531
264402
48919
123553
301836
400515
388128
15642
91827
333640
341618
334142
358568
419901
492924
305502
143807
101271
492921
299671
409473
465028
434128
22795
273821
249001
140131
394577
204582
432060
266885
256487
90401
419788
110600
197961
27359
286716
274277
463224
315644
241713
248435
299504
149551
401771
348809
322581
321094
484282
463128
364762
303609
471654
4545
238038
389450
367015
109389
55645
203161
210053
116003
206172
249515
486534
399152
82050
97559
167723
307340
47696
363949
347043
345093
497994
495990
348881
245203
435158
11002
362295
364443
146089
448962
54532
358772
424210
449442
21202
56600
350473
261831
77255
228375
246754
30082
256784
23012
16581
414717
27749
259097
159473
319506
306940
284672
77937
224623
86012
425056
401154
63899
279404
326199
360888
194574
29426
485565
217898
423238
410157
349567
493043
451295
393484
455552
230774
478382
167635
212436
463290
185875
12008
334311
367975
343105
313136
157438
398355
30555
63418
184575
74930
225220
328021
270050
267231
148206
341631
251069
393340
88720
153305
394528
267118
357348
281840
490193
166806
234510
223338
165337
479511
308111
29105
276343
31597
307188
22544
325118
91319
402240
159217
138569
348642
359703
184105
109405
427544
947
261114
143025
197788
436647
438986
96279
409739
21946
57682
352923
26857
250952
367685
273453
423282
441585
67045
243142
103089
365927
65534
344359
32021
331263
136398
202007
273196
50847
448318
204389
18987
484683
225149
275062
286756
198432
111929
184733
105316
148617
70970
266448
339194
192504
493189
191429
265533
173560
217313
486961
114796
225621
471025
241123
70547
278700
225217
286351
405885
118128
245934
104098
98835
340685
111700
57329
459377
255855
364397
381259
18626
115464
189464
461760
299553
400180
60257
220377
133078
236614
275385
205241
200768
276232
345304
458575
228594
415335
104785
246208
32540
184739
470896
68138
175668
349662
277300
22245
171580
249161
129227
259134
364082
438344
66212
239539
121247
275055
131364
459170
234090
192459
225642
413177
118096
120382
286147
358108
306
196674
314221
258902
266055
94296
57193
163982
363327
485239
482413
251615
308178
368523
79603
202312
488591
363966
250447
468086
158676
499828
498193
7338
213953
461769
428785
417232
425983
208037
369709
389011
161488
175701
28422
477568
411603
290747
397718
485793
393080
60349
277325
338204
275717
478535
193511
12738
203361
132365
343394
179873
40877
231388
261074
86962
368673
358862
452407
75369
232025
101240
58008
287245
128406
391762
133492
170496
69311
339283
224112
329486
119060
9002
463985
444622
284506
64955
286364
230139
444635
412095
284548
224660
356787
495025
413425
203172
278234
294737
7879
470824
424886
120970
70903
139166
56978
124149
186618
394764
172315
303140
194903
400571
186353
351055
360352
426998
79361
60489
448413
390170
366917
149173
124453
178600
396149
72871
252401
222975
202872
5278
376168
36393
53876
334621
365152
137086
425564
99854
329072
298315
272415
306985
350030
285268
452048
416383
80264
183264
97837
490300
7414
495132
391148
212781
468924
166759
51641
163533
364256
372898
496450
397098
46744
54040
115065
211015
489718
247227
204144
300427
101417
338166
300548
268253
365837
480393
81420
448752
497955
116282
358532
495980
454790
470276
392637
132273
260847
263781
24767
316474
309243
15013
419588
191890
105321
106203
83500
466569
474770
159958
339718
204437
287916
373568
165906
435289
4973
265039
217937
360484
430447
195229
370108
35908
56684
309191
477624
369003
460933
155423
335009
468824
140213
38569
333021
126674
392894
20501
334756
203385
218638
406869
417303
373616
97216
101839
433463
132557
92616
62971
489181
186188
258078
367909
80782
169771
43590
450993
325315
229708
317339
444449
150955
324869
334561
214690
480697
325547
496301
499502
160504
161304
418327
180363
223126
159879
312632
242677
136
46025
498589
7212
272974
344151
317580
495341
32143
99324
220088
97913
101948
27181
289658
106428
19351
173850
428698
166405
44343
311448
210446
88474
282196
332197
26717
168345
85947
85119
461156
116399
196688
368239
382423
443098
309501
346142
316132
321482
166457
126878
308845
106293
276092
330130
118833
316407
238461
190582
92775
170146
101579
142318
215794
323737
287016
92371
58730
174108
349237
422596
487111
172428
277841
403528
470629
498227
319243
279773
342167
26731
238530
115351
120289
26794
173482
234368
240757
169412
251857
172567
157476
140108
249308
104344
490552
376627
314990
56688
327365
261234
30704
186247
140586
41237
181749
186104
186227
141557
165095
346847
305944
312231
303531
322033
306479
173808
458630
496664
43482
396119
368823
102921
138244
352704
496830
118542
329479
98409
288684
486791
43799
167404
309311
178448
129809
215369
38091
413685
194206
70617
164871
315680
435513
179997
55353
91772
367338
85651
205404
427845
340411
104927
130202
193399
153167
426524
51327
75859
254237
374832
217407
15083
474664
467052
476575
491939
367818
300497
79497
227664
390326
197031
87549
204857
302207
100991
369260
272444
137020
144300
246462
280632
499211
225267
169930
285012
84090
40176
196179
106047
434744
15488
130771
497452
392229
139086
155165
445934
423678
315721
330296
455284
23948
95065
7980
402238
69006
131853
41496
212582
468433
185400
408793
313727
357684
397068
55227
486285
86106
164026
23733
494799
103107
313071
194462
461599
318279
52472
27082
349012
181128
309476
354283
75752
109641
31180
383570
254556
24956
2877
354339
314742
446262
75365
97354
61602
88979
487686
214549
418273
289304
424200
180433
313403
160905
299537
3322
472614
159819
142064
304522
246790
477925
470703
288641
339473
8349
257333
105400
65023
24016
421254
35351
428850
258633
126962
209632
28510
168842
437707
485768
19532
335235
100204
421674
266516
390271
178032
426551
55980
374061
341850
10409
178425
315165
364553
180680
66173
193246
119496
484850
350103
422206
424111
394344
10726
426056
281807
383864
301669
457744
417609
293554
87045
57802
308970
279857
102467
170516
236883
65957
47669
275465
314526
178174
121612
213199
381736
226929
110245
252718
252794
308180
10587
375933
363399
149883
18541
411961
148109
44457
490828
439680
357634
223546
274507
395002
381453
422039
196698
218979
68439
125712
106269
197386
498292
16374
244894
499552
367015
124673
382082
273185
286580
184386
406084
483893
479679
356047
137135
141726
80709
265194
493780
420952
425856
269764
217136
264472
156788
280041
397604
321618
407012
395240
483210
197632
64386
26669
316665
110693
38571
176162
253444
158671
102804
14206
107979
212772
229765
166796
368406
292724
226668
146935
373152
221997
371386
164860
360699
466701
86983
188285
199929
295390
263152
73931
126218
222720
471381
180138
263299
72777
396451
345988
335682
150689
490046
316590
183252
465920
182544
28746
406619
64048
494471
264566
190064
39912
108355
274793
259375
293268
437609
331326
108803
243149
90996
17454
288353
160720
372018
293198
80465
37711
217175
230501
98437
490964
194689
79261
132087
178336
419772
234352
332081
30257
392887
238741
143430
186299
303021
19798
233034
211159
200556
7520
172044
379560
255436
233206
237293
117917
13942
257941
401177
416031
450619
140799
437406
415550
289039
310612
35638
110752
24861
93748
107604
161083
21112
13628
337318
201173
238023
159798
465724
459575
408288
172714
233453
285185
242507
304562
496106
236703
352781
349359
307622
134723
447898
64084
377752
275762
139987
115345
53306
57682
117710
92236
127567
42021
24119
467077
171118
88451
212504
149705
102374
324774
498004
5725
127792
36822
497267
225980
54304
325053
66720
465821
2339
221171
129779
19527
90971
381021
188290
15735
152002
107306
59467
316354
14352
435246
348574
183399
397583
270626
297742
382221
79191
358059
421915
184175
381499
364973
174099
93453
171750
245439
332679
352846
18165
266584
234873
267145
387751
415849
233359
476861
251585
9085
84906
443324
286781
390915
373696
439182
461138
341001
321179
409796
492459
400843
142078
442416
433960
89094
478390
330182
218526
438604
469813
386568
246445
171203
10030
447285
176824
342321
72615
118964
73235
101215
86501
410882
97909
468653
430231
294803
85271
351265
313655
7175
374258
412784
284546
355369
307680
392633
4792
219641
28088
296681
99267
8976
242853
94936
417009
471416
447961
260122
163415
56295
201932
215455
406252
104639
183992
68614
327951
412967
483285
79949
339973
140396
418016
465175
335897
223226
61487
309766
222242
291781
356688
249638
189059
131981
487748
405760
299567
21864
288277
274776
208801
246020
330058
394551
12103
491354
428320
71412
45544
470988
272224
12723
146411
389609
409958
405979
192932
458037
381769
282022
270366
371194
75197
81307
302848
357999
145694
157100
483609
499949
190055
81156
95767
222399
58359
55896
229732
70434
238689
384842
109020
144217
423934
444855
342596
421334
367313
303257
62755
348870
217125
389940
244118
320953
405431
265048
351155
113132
498977
235434
265269
78606
415913
493752
52698
467624
274198
287187
207864
347562
472999
229958
297599
281046
52527
43443
359516
485981
39037
395861
133469
465944
200423
374326
472043
1058
221446
413424
105417
337654
218044
196228
42652
108998
44031
321849
263038
220647
274754
46128
38952
203566
339049
264563
151196
421494
157534
328153
216294
180165
196052
48102
353504
13631
383038
140885
498293
11854
180125
380065
226830
450332
157849
350170
479328
332412
270257
196823
454238
412298
260602
523
194959
354127
127912
250875
439680
175787
57543
403796
107323
366556
190198
4995
218397
264768
56627
254478
88389
448758
22153
40150
336623
484230
406083
4085
479122
459379
129710
171330
258061
259075
413546
254376
109149
36825
205734
122130
226695
185270
4339
124669
156379
297232
429231
132647
391348
291316
15186
39719
162398
71935
493437
239924
94474
67681
257696
136386
10973
25052
263155
167472
283190
452013
91112
459746
498339
384091
394821
170298
483387
206397
309192
486657
344746
263718
84250
204246
80242
472721
208826
482847
97538
172114
25260
285947
480741
480778
374531
262445
86015
475676
11332
233474
363989
150970
242236
38193
176243
274614
61859
351903
499640
58000
11569
392096
350768
364786
298184
30654
235216
390092
372181
281428
262168
488845
290065
381866
388269
13813
377864
454203
267726
406930
448377
297558
315659
461267
136094
378153
275775
488847
59601
471021
400067
447346
498101
253150
133597
188240
173424
92747
295009
431865
440854
181485
403516
338866
280271
141064
299101
481719
64090
131348
302350
434862
21663
122237
327001
227743
451738
16351
202646
209377
139673
416250
134691
138422
373533
381910
150695
14303
460893
274395
378570
454233
171889
399397
428569
465533
130303
462046
329779
289076
308284
216077
301367
306850
474533
56928
225692
372218
379283
283708
340121
205990
1335
497149
95486
384681
426693
417692
471462
354748
69060
66557
231094
346447
299379
310204
2627
399596
218595
50462
155511
219228
233952
155850
18494
267841
423405
8449
75349
114837
266341
122491
402889
388089
210807
296234
304609
204778
326451
43564
274326
316518
314860
411719
297585
226766
81378
329487
194661
77009
276672
345773
185945
241117
163223
441943
355368
254654
53180
57554
459565
109551
35320
143359
260931
322068
242214
15171
53627
161560
14846
218990
286910
198942
335658
464051
225722
226671
496875
159299
349986
303871
418092
439442
91963
429886
357360
35742
343294
154807
198485
109981
167182
64120
71359
396785
221771
426026
211699
240596
364970
268552
375827
276168
16886
145021
453160
36641
350831
365074
228849
63635
338770
396761
168275
147961
23192
365680
260120
434611
489945
484761
23852
317431
480472
345695
56260
384384
136185
323822
38744
398943
466555
19935
153545
333751
196363
141256
323924
271193
34819
304105
336012
25790
13126
165137
53907
80196
142269
188433
470315
120901
358163
470640
49684
43625
180020
467501
67725
414736
3469
342224
491038
335459
152675
486570
37914
162713
46201
6174
62842
489921
24119
208832
105905
136533
447534
15775
185718
230586
82847
434895
308749
348073
191634
445815
135887
376406
429294
210924
19591
472476
238461
31931
135127
199369
214601
263082
484569
320424
484969
414419
392819
458040
397548
74274
115375
51068
43476
38355
208032
460735
231107
488391
57096
444283
143557
341197
220870
381697
119070
303600
459647
432635
467118
243097
11079
428557
274089
348428
65174
127631
226387
13080
156395
441771
249643
167047
352726
273401
181889
496320
45755
411887
84145
263657
113053
105340
425331
180868
325854
455890
175405
193992
254196
350618
371277
105857
472923
104745
133264
408621
256896
216410
30612
10550
398991
421108
9791
365556
227618
174973
252220
404882
144206
372810
187008
381463
221712
127118
146227
15732
132957
341448
435735
43636
387778
135889
312065
66038
247043
251584
302936
196021
165822
232871
415078
264729
219480
414091
162
1986
75978
63615
372945
33705
469811
184005
497487
80865
245988
242916
48214
372719
308428
144555
383756
480356
18730
200788
296339
177702
469721
493237
445380
231539
159733
378990
358501
64684
130160
127291
126241
185195
340033
46229
261417
108093
241346
392385
92124
117969
362172
195339
13968
135106
107866
440224
431716
160462
252339
436143
441389
137255
322824
477440
277320
99700
474729
308048
254768
468621
357149
159948
434803
383304
56025
285012
43032
374739
183945
127781
126533
103870
477370
323469
353182
233783
149116
408041
286084
423652
339925
492674
433436
480017
204245
49696
117175
131889
98732
139587
136826
227547
284560
494646
18945
264115
359727
191809
269349
468782
310629
469720
490107
222034
387511
252430
302179
334672
12865
103001
424244
391330
72239
190136
108143
45730
438685
147360
406165
249264
31041
272328
6831
346854
172402
289505
318036
206707
72479
234422
378492
167918
181321
109576
461367
396911
275255
49202
465997
410911
152348
110931
329780
494109
110889
23121
39341
88145
103602
456413
375587
469528
156218
261929
429235
139677
341916
355406
168861
378619
60525
84154
454326
124511
278127
403871
376174
77855
384853
170524
225171
310321
57019
8747
387435
431923
75016
440523
267236
387531
303775
150658
285204
41891
386348
145589
117780
175101
322001
491666
491426
147699
358117
63132
79812
313716
479076
469088
117740
290499
163473
164172
317961
5493
321705
360612
240604
397792
174707
84232
23000
90720
26327
370576
223237
173094
53603
264019
289152
495143
253447
245509
7938
109901
280974
469095
77685
48248
324453
41478
108675
150833
161621
119150
392160
221666
34045
207232
325762
177484
308702
423541
130597
61834
11560
222907
357320
350626
207008
224540
205174
9706
133494
56268
141770
227995
234227
8899
155569
460575
279698
81869
263636
496337
401708
71431
371799
467074
76768
93529
186260
341004
282065
460854
297939
376824
144225
488075
82667
178679
55315
478004
251228
335604
217689
89917
184269
496204
82207
32322
317386
97308
443612
233807
428399
108502
251255
192408
461889
343474
375204
112693
41070
191281
274219
88047
462182
348207
27464
274105
339798
473146
479361
435596
166069
258105
114454
347798
349929
476627
51860
4339
395238
418187
307679
15673
405209
217306
390458
114853
265854
434157
130078
106597
164713
272439
139308
485458
304407
292863
46165
93955
416517
134994
43514
384127
409598
317349
495368
337515
77552
228362
327222
238529
377622
57523
83280
34267
107500
125388
439108
357370
136542
127639
216769
243439
324960
25482
28593
233264
124444
306214
362898
360725
112234
223024
216898
299153
287518
37413
361103
369741
250067
392206
186671
172996
475649
78671
240990
373195
89745
107340
83515
494668
332575
41948
323984
352090
139976
410091
305840
272048
277713
252085
416860
344574
306556
376220
58959
77473
279948
271502
293756
206977
25382
242321
319155
46081
283175
263471
11477
474894
129489
207788
372199
38793
265670
25358
393865
357235
473692
28329
71403
70562
279877
184295
189062
20116
160701
439644
325083
462277
471640
418631
236710
266001
88716
5138
327115
478779
130719
397534
917
43584
281833
299767
418393
144656
138871
313612
443886
48778
382412
340080
243908
266948
174534
70552
27254
201763
330483
347358
308067
322096
434002
231412
462109
209153
388259
182427
321352
379645
136948
226922
305627
311754
78893
200943
455291
451357
256779
17331
378328
354923
210497
326869
467912
192323
57221
263442
10858
273442
135565
112297
391372
4526
32315
223535
115871
469857
216759
129551
487446
309467
255665
457193
34549
135110
165547
334534
384729
329790
426009
185876
112405
245074
174316
460069
323882
219274
410256
369385
230579
350736
363756
359254
376423
240624
297033
478951
334822
405625
177489
74264
77833
136208
327607
77050
388932
298987
255426
295765
280108
95461
98008
2818
84711
449096
441189
160811
219212
299838
445441
378347
163121
11192
378287
409423
262850
313145
438963
191938
51571
159895
103696
188301
167643
70216
15028
91819
493009
369087
267289
435602
303870
254715
71204
488687
44146
420727
151362
350391
452824
137875
335692
199096
308249
479032
115930
59806
159917
9743
475279
145022
440190
184393
127725
411066
297912
372240
128293
196025
208660
214506
12472
208673
463850
406482
41364
292167
406338
255763
255345
34476
376125
385641
185964
342366
103384
219978
285397
26365
148910
23456
277367
216756
36158
297788
224446
327286
463469
423156
399094
197357
294065
372125
149604
241950
24527
29655
494937
460557
410703
487461
284896
374684
165543
323245
350350
322043
189390
483463
183110
83073
241855
124228
226423
197684
215408
97614
258049
109230
462364
53115
46265
288045
63003
125956
203373
160786
282686
42696
158384
224986
118040
215636
3938
5739
92513
346467
344352
216458
283244
376701
398819
391993
94715
312660
54274
13995
419608
139689
457245
374002
61141
435035
205977
467944
235192
343011
142468
444938
344032
93403
278228
365432
268105
202825
167621
335473
343397
388336
334051
281439
38268
18330
228928
90135
203407
74753
284255
90688
136798
61872
170067
346362
355199
139525
339968
324379
130048
161501
147369
28912
166258
374040
300827
288599
178243
373877
139301
65074
495553
222189
56964
380816
430163
391296
169331
437625
378126
139136
491946
104163
281304
84746
404290
59757
401209
163932
352241
441673
31628
381187
335202
366031
489962
188054
331443
215024
17909
12929
264345
489266
397053
302213
325621
462121
198319
298721
443884
173126
375939
363446
175070
205660
268648
115719
313891
371329
243015
319435
141108
309792
347876
472227
159057
478651
338062
276902
482875
329374
338484
412492
326013
298605
422077
25204
20962
287117
288424
34676
8503
208541
336728
407904
89075
27630
147169
487174
77299
152032
145372
401855
418249
90346
371062
103200
26474
496196
231696
394284
53133
469785
420960
52753
417611
217361
315563
63612
396608
281347
126186
307001
435476
343179
205320
14124
137456
484446
346435
272292
71792
257550
309373
66963
451241
271018
257625
45397
178656
8286
445971
421981
366934
416784
276965
375727
135617
466757
70930
496236
173809
218596
209737
204740
199854
195490
442494
54729
460294
251653
391092
183741
80134
130752
431047
430948
391907
150004
437444
293655
245709
490689
105879
240407
258265
489220
218853
157110
249106
316838
367566
132583
158499
257880
448758
20974
42636
188951
89126
26716
6530
426024
26234
302432
126667
292796
197406
150013
28459
110401
108256
472026
266290
82940
334448
79659
13437
220205
389028
192107
406328
235702
196221
436329
344557
354325
371302
278641
160648
233515
115313
162796
125945
149819
253948
84981
417831
452684
479656
53622
41452
202600
382929
329074
352326
192988
301592
401956
102032
146968
440304
435899
445933
268140
301301
92672
402255
96505
242608
435872
208488
338638
2813
150650
230671
422580
494741
204265
79597
201867
5154
455876
433046
88838
426808
171794
165398
452550
497877
280530
352277
257323
166466
185111
225641
327907
170647
17222
142033
488129
260164
85456
336686
83296
308969
62634
358234
408243
51923
490270
355067
98703
471483
259508
197266
170769
302368
277796
270727
100902
385573
246987
75046
55585
7515
410613
190058
373344
384706
26235
136761
36940
20806
304819
228315
217417
200208
303357
348220
340882
121600
271148
78868
202696
287196
186700
450513
497009
449419
497276
321597
126188
12466
247227
14248
166408
74985
201685
189586
165421
140459
369573
454307
332682
213309
3031
380270
162632
126420
316528
62544
189770
419664
169443
481598
377145
163399
492521
435601
402882
357082
484895
44169
228418
52967
436144
487725
323705
19384
357039
152242
348830
136428
129418
491835
318275
306839
495768
382126
209342
416167
423657
468250
374229
399708
43436
120952
67839
275581
109886
210854
355864
493049
120873
256721
468193
71628
419489
428939
21537
180312
378506
45034
200916
317298
101348
276657
317869
447211
494382
388970
230644
259743
243789
360938
488769
205309
247359
280586
155918
117167
56803
51219
444702
83822
381379
287064
291344
98474
296092
120019
497324
106280
374490
439255
57974
320364
181384
404566
343314
236596
208798
346372
469766
254436
279557
148714
236434
394747
327795
451372
428328
477683
84371
278878
138736
100525
414848
16586
477078
325136
237598
209520
335204
32087
354532
287424
83493
443970
12418
364551
176529
245621
195058
393232
285816
2124
430373
156402
335952
4578
115908
454944
290771
332518
198549
39422
427285
264566
182063
224913
341130
273265
227528
341022
496673
228702
334321
303389
484086
48961
437605
338972
2597
217737
257196
322286
407139
273494
119734
317416
196608
151033
198573
174909
271336
444111
132355
316285
204963
75679
258205
444083
238616
397449
403966
108797
157097
489363
114361
427140
446014
236375
194565
96165
133763
444117
221135
367041
408535
180787
376984
75711
154153
249009
173610
123890
283926
249412
333097
493363
291156
51287
375360
384681
172196
432745
239360
220915
363785
111244
152189
215459
290190
303728
342153
226890
36126
90571
90532
489642
184828
409194
102168
142791
338377
110225
357037
417271
56029
356419
375358
197602
145663
296624
458041
396103
276904
164176
187189
256378
389301
422957
313535
87859
390984
214503
279427
194545
97939
282370
79183
245357
61273
146306
116260
438589
384313
369976
58678
312096
228355
97125
234209
459020
350916
164026
228360
494255
152763
36095
187807
264069
333450
479221
344162
111314
50658
359717
235603
119279
147895
61801
224392
377727
201168
284080
442909
435261
83988
211059
19263
138481
111610
132324
434133
310767
145211
76979
346853
175040
153598
449652
273997
161590
245227
234614
389984
3798
260691
203722
290244
408817
360890
94286
50673
199437
43347
185070
384829
398927
10467
167887
359162
196379
268409
251583
224138
102019
408493
164934
416688
163544
187155
87981
163592
458394
432859
114448
399880
176035
490921
5766
400779
154700
432889
304133
280514
227318
418607
111836
84285
152595
276898
222868
210722
461273
274778
6701
125942
176644
435694
248190
436146
205907
117482
499714
318273
395003
57084
278628
476364
462892
218271
118223
455562
63359
308132
483149
204070
232711
482074
264743
142488
12586
273628
466840
451677
311379
206823
461715
314726
459436
182499
423166
431898
125493
433485
279070
149122
360403
323946
33479
105471
266198
52880
30288
323962
201465
350835
454252
300518
136970
272613
330277
476850
379516
162586
240719
126168
295339
199261
328104
429087
465798
296929
469216
288931
444882
488889
151122
80678
285178
376775
191836
181713
16501
52896
237504
112
24199
19951
104873
351773
462857
347816
171436
208430
483393
473290
351415
371576
224092
178062
488021
145876
356368
347702
118965
444752
415041
193781
45394
480677
54928
312008
17328
116721
303387
34918
479170
117814
379638
302568
276569
341344
456587
442480
66990
364441
339900
118257
15880
146853
115131
427112
489139
286152
457479
68337
320843
79544
57006
115348
185377
73958
425482
11608
58052
469299
173667
117886
471464
217618
481384
435847
184202
342079
250345
91169
307793
176564
8939
165988
197310
187114
75946
473083
401701
426723
433375
27339
319274
390941
80683
111069
118453
110768
402476
191011
4600
374278
367919
314147
482478
420492
345316
97897
359836
443168
414435
132434
76951
225665
127160
174520
447246
164188
114945
375721
147500
43239
297407
494520
59960
140520
390592
174959
26452
496034
50592
137073
229451
457078
341408
174020
3982
199546
416396
20748
89949
26102
126090
308332
70247
232786
68848
84000
496122
461036
133200
107408
271014
95305
335370
404680
234644
105980
376504
445858
156549
421472
289302
245309
394434
485710
384723
364350
22243
223298
410930
146864
77546
426851
383917
87980
221146
306764
404126
89357
414243
238417
207646
370368
88121
35677
344826
122070
402886
103950
68632
487581
439590
133712
93347
359631
147436
49676
331098
220754
470775
398235
397818
259325
383470
370347
73267
390385
114101
235117
10103
281516
261919
425783
238968
365202
453916
276148
82254
40364
176738
130485
294950
72047
281889
230207
163411
390298
254931
204159
225029
438682
141130
217714
63214
119308
220057
52454
275092
211833
115601
392619
367053
97031
256120
216221
159172
221993
264108
480562
447861
398779
210103
392151
32540
43868
447047
381200
332673
238700
283624
398948
8397
256967
168320
372960
375506
174303
3571
473032
405125
237669
190292
413840
396205
300337
117382
29400
14408
439254
442289
30476
409519
340324
307352
314782
285132
169154
283795
104810
430592
165021
378327
93740
477560
125849
174337
12337
177563
437748
104402
483384
57856
4008
390730
26226
380790
250151
95927
217323
379878
178704
396878
318153
14869
217012
213326
472999
10143
288156
261241
497946
421009
237283
378448
436629
374773
113629
260433
406641
248722
336807
365361
319892
7725
173807
434063
216455
133699
56042
56198
473951
113932
30994
390987
250007
64334
317792
263785
71265
448842
408906
330369
159634
315153
212593
397478
307121
363996
55178
490424
342124
126403
483663
427660
25255
410922
215836
62422
145527
453841
470874
471762
252375
344170
386693
145056
140278
292269
107421
444109
451541
378130
89616
29242
483976
242639
354560
161502
414638
58007
466343
386108
432835
232165
205866
395483
22302
110818
466426
460512
250409
488006
311256
382103
425970
370902
113641
152927
293547
434375
186665
479385
82617
491685
54764
348857
187868
337216
121210
257850
156345
346858
136893
187565
89969
126967
227239
201059
492941
60605
291620
197971
144619
235042
76326
293114
203225
68682
236433
94129
363863
314191
65250
105108
47810
342853
479417
99245
270274
269455
462424
483139
438933
372685
18014
465078
100018
128050
168794
408383
79366
461179
103512
135975
335351
213057
93920
56073
257076
377802
396741
215214
156075
35231
75341
412360
296092
307296
182446
86094
30476
511
334429
391260
11836
99637
41689
318663
179515
480462
52876
390089
264361
376141
364510
204531
482152
269545
307562
168419
495831
222465
390791
325896
496876
65929
283540
197321
430996
100375
128179
228562
6281
19535
276717
176364
170959
413891
422084
431602
332806
254605
132681
265802
389131
331058
185744
245663
287973
145086
171717
358248
232786
307337
269575
303278
102412
332988
25515
275583
239019
350885
191065
365368
471220
25495
209082
494267
211242
415510
487953
99997
24314
184194
483766
50890
420728
135874
390077
411299
38931
460178
294464
127605
78238
422598
174632
265886
145062
174044
328093
412435
44259
323400
377454
364143
398943
320339
20326
252701
92688
276203
267863
109104
270036
320573
228511
270678
68514
293290
179944
414650
70840
425545
262017
464606
412705
463230
186668
106859
44793
440902
348241
324854
295394
388805
394538
441083
190594
383370
143483
322902
368632
462780
378753
188510
425201
142053
100488
372006
32080
260800
240364
650
15903
356298
305245
412255
154766
205429
129347
474590
183698
105785
410311
105765
32214
40469
79246
303738
142945
199439
362038
333722
149795
178425
136338
104521
138740
84822
360754
113478
237339
180964
29132
101744
35328
400321
140187
365549
493664
4097
426433
365753
266462
345602
94966
126654
328068
458134
36031
144560
201183
361423
453461
38113
412968
284093
3034
314171
313711
1627
255701
125689
134524
71887
481282
359698
225289
173572
280571
373366
97955
371113
493496
317620
298051
27494
311719
328621
264771
191808
107448
140637
116619
103981
339610
30128
469269
102134
178848
452543
152728
255013
491442
274032
491427
334733
63085
94689
450222
205830
240073
288608
459777
37407
292958
149403
396385
314434
21055
459791
250815
183602
339557
329549
272984
468612
21942
444983
454739
29866
212864
482282
461981
384268
196439
488957
180454
25883
127237
85281
196393
431766
196429
66241
260739
88846
127828
456297
457087
181337
283552
163847
373032
406188
455079
161171
60720
258048
43810
338365
109986
282395
267796
432370
179510
60288
6414
283003
365419
429935
385562
173799
460512
353572
329894
193025
426495
252715
173574
394675
459709
17553
248346
242042
399968
312160
137305
401163
156339
214126
196627
410016
90267
384125
143297
457681
389309
174862
457126
146299
432385
170195
10773
58996
273777
7237
138838
2154
183738
253221
74924
124391
125985
483956
416628
453131
72795
111898
47972
487979
377200
35530
460890
163730
365539
300098
217641
56450
346099
80630
223182
45973
19344
269068
79244
76955
136122
430619
18103
225040
410729
273769
195673
348317
171262
402655
185262
139443
24615
88363
271975
31487
69468
372018
483709
424728
497985
221910
279040
64667
91030
300241
339202
40689
187697
248917
92835
427421
443879
46140
476130
221393
46707
27888
424623
491862
58170
374013
39295
485264
255970
490842
455747
361890
38185
282515
82867
282710
126075
160552
148257
108423
88363
312192
488898
200560
422843
303004
295397
46490
207669
351632
360590
79450
197135
286487
400228
110873
170671
56442
365867
264879
126033
145438
478335
38808
425693
337027
114531
453130
48892
135289
320716
209677
391229
325262
313265
360337
103102
105573
96663
411739
290106
218493
255176
467872
453392
111929
119695
223866
75759
428350
308197
271524
410381
368283
243474
185592
388952
140668
39782
125455
329099
151000
43026
459528
8625
3976
141705
48743
174200
272532
294009
322046
199434
355961
385057
332328
279888
247089
319693
380384
150748
324039
136299
455055
112438
314891
340953
76261
466421
39107
45184
250153
444649
335758
108136
458142
125582
129083
456174
317909
463344
468773
221194
476468
260017
380744
458267
48360
229044
222612
46728
405973
377292
115693
422402
211484
24204
421731
330163
69694
404242
12879
164878
287708
431384
124454
207481
104956
332438
259362
22537
120505
313672
346665
347267
369593
441059
499652
407136
204298
223170
234491
286777
434334
105596
487794
368373
467012
21231
279039
226490
327334
383932
136616
209727
186887
38619
72644
289975
150770
237636
286
106402
251532
195451
231536
301608
4572
383181
250481
393353
38245
303336
293134
366902
264381
455729
208381
298962
362327
403653
181167
446102
5075
344426
161745
447310
189885
449756
443479
241401
16473
298526
205475
319881
132334
497663
289808
32466
358619
341234
17305
291408
407899
86236
174035
249039
352105
433751
182258
408721
293206
474398
76850
101447
36806
95642
215869
196286
429869
60301
199022
300191
82148
403600
130342
342974
193141
416430
459362
96698
95215
8992
363942
474714
498145
157936
65104
437839
410504
379069
291625
297762
229436
259318
360723
64453
313279
123155
59587
455197
58372
178888
5611
105677
411031
233139
246986
83042
450621
44035
297834
128896
61645
360808
358536
143125
303020
346036
462228
54566
421787
37905
241352
190872
432480
313386
345043
487543
421088
115621
497190
468643
266505
297631
47318
462269
293256
99789
50183
175853
444504
376013
211899
449569
424134
242851
433959
475973
497702
272957
95206
260673
23867
267441
489745
240009
245572
249227
394164
128969
55967
109606
16495
100417
480838
360792
214788
496864
227001
158564
333660
493666
225088
211138
361385
392263
209713
43314
249409
184951
252790
108240
173814
384665
435059
318530
291621
242922
263564
346580
26779
491758
31873
244627
279121
118723
422066
385392
499566
108229
77423
175925
23516
83892
130577
237489
247171
224161
255433
153919
354831
382741
34430
154309
352290
185795
400838
206773
390301
225365
494007
176470
146581
137241
297332
296597
253078
489386
296736
330670
438737
391668
490609
13861
160895
379647
454969
387267
8365
307776
234454
135947
239419
348882
386583
448357
116563
314187
164977
336257
38894
380210
212096
445519
202556
361277
311916
17922
495753
8141
343503
95499
204527
225806
386276
378179
490464
73470
180072
24608
851
88819
424527
101388
253935
201211
27882
120322
63384
225227
381006
27690
160974
347697
65792
273572
454048
359407
253724
408168
335147
483635
252039
249713
464178
358300
152543
39944
316881
206344
444897
61723
86517
365586
346865
259275
10934
93899
263129
208126
274833
279032
140387
49618
162831
255480
338105
434412
306154
72322
466683
157125
486636
200840
262749
272895
408901
213297
303512
16208
377320
176073
77640
314079
442359
77950
260843
139410
376678
492014
316198
227382
323916
128594
499703
255831
143180
79917
292710
171087
153444
358898
489088
371088
449887
201736
297827
42559
72053
122707
482969
13742
101373
74773
251705
141041
303708
92437
211954
212906
319228
5337
268552
93267
315187
211477
226719
39367
203966
368288
452286
472146
441436
396582
120758
80474
314733
440424
71171
245318
12721
465408
35014
227139
97851
133860
386073
305356
422830
157448
495204
474583
4927
210706
346477
360184
236163
422187
251855
497426
322515
159469
36888
321121
213275
259280
90398
11566
211182
289326
272319
221953
332614
424987
230912
301112
40858
475342
145985
452434
157824
99195
425311
316985
192309
120134
436890
388124
490535
253732
415154
464438
458952
293746
206756
479646
50141
441335
41238
61705
38481
408753
105599
104969
212582
239428
353067
248354
143167
413516
11937
218883
715
474553
290665
302727
175203
148920
374891
310775
218643
139264
140573
51628
453325
49947
453817
443146
115646
419431
422860
189326
123866
128839
231925
160226
437259
112444
395584
424179
20931
181186
415598
334236
259336
439659
218329
268826
497564
4749
49788
391168
78407
109560
167763
864
320779
357526
176631
55726
333737
327564
196312
176889
351418
475026
74463
446473
240051
219531
336988
169856
383993
491492
5966
21889
308874
458238
137792
421278
32691
301906
249611
30855
435417
450930
52794
173945
410999
31818
35661
9701
498119
277098
194771
205833
36563
123169
367610
199207
498635
386977
152577
140404
464970
308908
406843
413025
445149
66132
313344
177329
379853
33035
474257
299242
143679
46626
33413
403428
115969
9075
5178
133087
386177
202388
410132
309730
454099
251064
212877
362661
203371
279892
261630
106408
348020
297729
454745
454220
414982
169055
390734
62081
357204
415850
88535
346679
155282
313258
386810
203893
315453
230477
284363
109724
412356
448249
62486
330689
287106
52437
3566
424167
351586
405811
291373
318479
329020
431631
223691
198620
129664
159406
150483
155173
149761
139716
483981
404236
330206
472209
421997
221535
448828
234517
159579
442013
65837
183331
453727
448368
57734
153086
222223
234343
391809
164009
275597
161771
306883
322311
360542
362463
249769
175782
31866
360327
87242
111794
363098
450221
77951
313542
157509
486050
84039
160093
406954
354395
173239
49730
182303
173216
461973
318282
380934
485056
119690
40837
16002
79699
185143
190299
147191
180005
82589
366824
266075
361762
359891
205475
353848
79470
312556
496685
249419
270073
121988
64087
488180
327729
39099
447667
23482
346561
172559
257451
169518
223250
365651
294654
398716
422249
383615
149643
353298
19179
360330
46439
87686
470171
355308
358436
428988
103227
115964
441254
307538
138015
356193
334703
468575
263056
177607
14698
145848
130567
151004
238685
346171
212949
142891
473460
142187
140215
266258
472093
68501
96942
94858
101244
36364
95265
111552
375496
304372
300628
212951
19160
293107
396576
78234
482701
406654
329291
133065
415998
350701
339381
104856
122780
475893
235632
165275
246433
426962
429937
105231
493923
153141
8055
318818
356366
158401
237275
224510
489544
313365
366415
281439
117533
214782
146980
332364
154629
21035
150482
225582
201284
202847
37956
11639
207138
140287
412756
186191
85376
480717
47153
441437
81725
475531
421323
390361
52550
477633
42087
54179
294234
387407
491636
272829
486722
77749
343934
397034
132277
409817
494686
50652
372386
72497
270289
397083
148648
80884
137388
238008
114346
107364
391515
237719
489083
135108
276114
301395
193216
453559
83926
294945
442979
104035
29260
442769
98814
72643
301888
231122
166751
213495
411070
372454
139611
418933
413280
168559
263476
382621
285860
235558
282245
175962
164699
64266
60789
59743
98890
38680
178848
170929
189444
180185
18565
270029
62702
285709
454577
68881
331190
191988
262356
28456
59550
172000
114395
72390
437931
232395
90129
407528
224124
318282
431860
95482
116551
100240
100491
113325
83996
158909
291294
255766
423394
360920
351942
99813
299017
422859
265
154298
141166
251655
224720
393871
230272
462009
208729
225595
183777
345873
101370
114591
93200
82233
80893
92247
210661
1843
305330
130757
3831
13909
240864
146451
129154
305805
327243
23776
246672
184823
229996
445076
90315
134110
161741
170448
36154
368786
337671
434211
369453
291967
73201
60457
22249
374429
454261
351918
382496
74445
182607
118974
288277
330461
463085
22822
341902
297557
369339
146598
298356
467709
93829
475148
75577
9330
417485
17525
306474
360899
354577
378207
59386
283271
58673
483911
161967
408286
74231
211529
456996
31197
239595
46022
132486
247357
352179
158970
265352
42757
340292
47893
238759
430175
333135
55263
127878
331932
191081
182143
221294
134287
123774
146503
154832
119403
243003
98861
363462
32511
382307
217882
415991
174107
393740
434995
113319
48437
130068
231880
442283
446016
42805
427534
139990
340141
481790
253997
309273
220757
491249
34420
131926
311997
140551
102212
416418
123909
192132
127395
383186
153229
417576
308126
326609
352179
315717
411026
383151
264410
373136
460474
479404
49861
24467
357992
374668
182965
213331
303404
151382
78536
156217
311003
64769
459567
147564
20959
285618
339731
152555
230635
345600
287823
205213
33065
150089
496720
299763
312749
74246
23473
383557
166623
178897
458182
441403
340677
45919
188102
69677
319737
380103
43553
312481
230963
404613
402175
379147
224501
414828
103834
226532
109893
263766
396345
450101
324321
65964
195289
19586
184563
282856
456410
337866
212891
134413
360035
379699
87337
91063
372502
184860
414459
450335
200418
288175
287781
158772
188157
257711
43018
398300
21392
202341
180015
395300
441594
200665
63754
2641
26135
425173
175688
312632
398036
307155
179127
125247
437359
451486
454668
433462
463987
469240
309333
415695
408603
424281
325311
295413
318496
53015
38017
417447
333277
139956
8220
467145
111026
187767
82183
149854
498657
88020
18476
484970
312396
174850
375151
73357
273106
325865
16811
366096
475493
209620
188856
188040
255173
394989
457139
495253
129800
393073
334929
490269
262998
45714
210357
108448
131206
469314
375399
37170
334819
199978
90086
359449
137400
115580
84850
332978
32605
463369
450066
258447
264258
305620
444052
222233
67465
246772
210959
414613
276353
26504
244935
406646
92493
376751
176384
300756
233439
92827
156355
412895
183623
349070
323356
397238
338667
403218
107826
169078
429288
324061
446702
405578
102944
241451
480928
230403
247200
371518
323049
9652
402695
217638
39014
277630
79922
313639
185416
263689
383727
12149
273360
341958
491219
438772
493870
175892
244178
250420
154149
17923
65445
73404
162580
109894
195860
69933
209067
407148
444426
82294
342121
482157
232480
383810
128789
8363
374818
367124
442973
215637
231990
402522
7753
177575
118863
229473
734
68617
315112
187900
347803
6439
484824
311770
414164
126969
346650
481922
8176
422656
180769
119146
454176
286247
443226
119729
48287
469038
445494
485728
169599
445337
99861
203777
436205
76457
383610
379239
417441
407089
43946
28703
398878
282562
273076
397188
261501
291549
17419
100574
65450
241962
247811
240492
23832
228819
387822
307213
169511
235144
254457
397069
65954
289073
420926
354059
456248
269347
72414
35518
215790
150087
30761
16624
127025
64518
323616
168116
122936
150956
240802
272328
430107
121241
105819
21911
35479
237559
354865
479085
208559
46437
2778
283384
392438
366485
306202
332194
487910
312188
427661
408553
112326
494885
296441
484489
348421
5662
426786
447011
432449
180959
410822
473527
268980
276491
150579
133576
319701
98138
240490
235251
70794
268153
445577
435260
296820
23856
265050
350400
261850
4416
133184
233832
371791
274241
170736
222335
46499
453331
243673
199256
116009
7425
211319
228625
435834
86072
342752
55489
442912
372700
90928
29220
135538
79811
466668
417919
490473
428542
103072
100763
122059
50897
132795
35073
269329
348407
187260
364774
345242
187736
53935
130537
202854
88741
279906
331159
235156
421394
144398
59462
358978
112837
446042
331082
85814
181607
286910
23184
88338
151594
9012
38728
337640
293522
460794
456036
155518
53368
63001
435284
455193
303822
384608
355106
370401
240725
43123
126889
5264
176493
485875
95968
260536
147236
395560
457441
207555
261240
333379
105497
63168
468685
380611
114090
108431
469712
29814
291825
101055
95135
439455
135437
52324
494110
112387
348071
460178
385925
329955
172638
19050
182418
346080
321123
426263
284281
67598
88509
319753
13277
432048
205901
310775
119625
5558
463412
306406
62065
114933
258285
137224
367252
473977
465776
412657
109163
296661
385068
147631
32396
174883
474227
382515
336319
318598
144600
470954
366381
79209
401578
330131
446616
342394
50901
375329
328757
197689
197292
413917
357519
448167
381071
331777
29973
60988
23439
72110
436476
494280
49471
412406
353341
109252
323836
417225
135751
45937
396494
417852
9899
419895
214308
478859
371016
332572
453840
471771
154580
441731
362890
350647
414401
291326
8840
245344
62214
150677
238107
194634
409280
294158
476208
366886
364716
452064
96408
327113
295537
394504
450184
102095
277280
21975
221742
93458
225473
272104
329120
79831
443306
21764
211329
401124
228998
315504
41828
499865
273286
34457
329285
50601
159483
205257
337289
221384
106287
290080
418830
143158
369078
361593
105030
467695
496354
248056
159431
56941
437906
154271
91446
211483
19795
231223
310998
368004
42977
300753
276110
286989
112051
154970
200515
125350
187507
428088
314220
3970
71585
76748
282267
262361
288356
390532
410573
307961
252660
443713
190012
72735
301745
3601
4718
203938
27588
476779
453134
129668
368123
403247
303842
470040
445461
64214
144809
354474
380481
19036
130284
144797
184264
260937
183105
455195
393753
134293
381471
181682
214860
412224
76969
356274
273978
359408
17725
264790
115598
150160
402720
247221
413924
317880
138350
5751
392997
410727
244550
120668
279614
447079
129018
363787
404170
133448
359943
448662
479990
49124
113890
291309
51355
22715
241850
325893
397965
457469
411844
194883
314856
317854
62042
485300
369669
286593
33223
453778
254437
419058
484229
280791
13978
189308
430060
464487
64015
480276
175896
468912
267331
273011
138945
103136
433699
445709
90439
137600
457363
131284
139880
256512
9434
54787
416770
492897
263482
254793
262503
276721
229961
29263
450388
225838
281745
276057
206489
104646
394949
357888
21085
16207
453811
186326
253727
432041
160358
276078
344618
130257
495191
21521
143523
436035
201453
26593
151926
391383
444996
223317
301266
438333
110514
237641
238851
188108
448731
25206
285053
96012
335708
122425
58863
170463
137937
169851
71330
409559
253478
36192
330270
353190
214159
5119
286453
161385
163543
47895
486613
98939
212019
201471
346298
422330
184021
36453
177409
94752
405751
132940
482090
47910
141967
378756
424431
405177
256075
355475
398907
470476
64048
44178
73463
355424
94550
56143
442593
312162
318443
472581
340778
117817
11435
148338
124595
211692
9811
118173
24191
302337
81811
78956
431539
77334
164732
267510
306515
13500
267534
351625
124682
421656
295827
239550
342431
83513
129916
149878
219463
33369
417487
233214
85067
285812
132730
310391
226200
228962
316791
191290
228842
195133
365598
40987
360170
458524
478663
10356
339708
375337
8588
302162
304886
486219
357939
251834
463936
14542
233185
14417
404869
352152
326377
487500
219357
375355
288818
277746
469026
345361
428139
442596
447746
260197
377346
34359
306811
140202
183726
30505
299319
447757
65279
255829
189463
161846
443336
294066
483502
263963
170237
53954
152886
304434
468462
321717
223476
291486
135558
144305
457681
408199
249791
388076
169095
358556
448658
496612
141870
20596
477816
183506
433363
454755
330997
307798
278006
474078
33625
317160
383756
253589
11090
409019
102922
318838
280210
373356
453019
389021
383610
61230
122656
225114
328611
197270
55054
253631
181154
362297
258830
324633
57187
451970
418220
272435
302344
151699
79354
361614
144919
15595
303623
393865
141226
300648
104591
428307
386479
86481
360794
434080
109774
135103
82695
365563
261756
485070
448616
75072
375544
398052
290884
154736
357031
364858
472205
298444
291146
83540
228235
308381
202354
195457
279775
400476
499406
62972
231730
320271
337625
431275
40250
424734
182200
440273
53801
399088
448910
51883
363348
428825
284861
134600
368586
53236
9440
267549
90793
381610
417857
120720
84516
469163
23513
96153
42686
206819
468440
262616
424613
470012
418084
104051
450202
262738
420222
47082
123367
74944
16859
32744
433310
234736
166629
210332
82892
91136
102065
358123
297869
363805
448269
349886
347210
108223
232635
409714
136696
235146
457034
460454
37358
400961
39255
113762
152483
121375
455400
427987
125951
214167
435569
129598
26348
95253
343736
327216
489921
215224
235722
404193
202722
319488
42017
415941
194008
461535
32441
242077
122361
302156
284940
86786
91811
297298
325794
189893
434165
118992
110982
80521
18374
289666
491323
117564
329820
162576
85670
474655
156546
368627
477063
389561
289722
371577
434254
303986
411308
142292
477316
416348
359353
104135
92887
241068
262042